1 10 100
3451745544 3451745547 2 1 0 
99116712 4011419061 37 1 0 
2030087626 2030087643 2 1 0 
99060424 99220918 34 1 0 
99320424 99320422 6 1 0 
99115379 1828212627 61 1 0 
3704993888 3704993889 2 1 0 
99028725 2067659936 5 1 0 
99334395 544789369 6 1 0 
99289561 99285228 22 1 0 
462198235 462198234 5 1 0 
466110391 466109340 16 1 0 
2014773028 99221417 19 1 0 
99292685 99287608 30 1 0 
3041390120 3041390119 3 1 0 
99105386 99105385 5 1 0 
99079545 99079541 14 1 0 
1423648930 1423648854 27 1 0 
99115216 99115214 4 1 0 
99110066 99110064 12 1 0 
99194045 99194042 27 1 0 
3159199667 3159199666 4 1 0 
99090595 99090593 35 1 0 
624983792 624983793 6 1 0 
1116155485 1116155483 8 1 0 
99068367 99068365 33 1 0 
99042229 99042227 10 1 0 
1079360459 1079360279 3 1 0 
460867040 99022276 15 1 0 
2888234623 99331340 7 1 0 
99180654 99090060 46 1 0 
2849740233 99266697 42 1 0 
3705465991 99247560 35 1 0 
99317460 99083437 4 1 0 
99207968 99158078 57 1 0 
2196936845 99108262 22 1 0 
544789003 99127219 18 1 0 
99144444 99102420 83 1 0 
99152905 99085987 27 1 0 
99279209 99122697 67 1 0 
968365902 99306988 14 1 0 
2067659713 2067659717 3 1 0 
3258497164 3258497163 23 1 0 
1945115485 1945115487 8 1 0 
463246678 463246681 17 1 0 
99065741 99065742 7 1 0 
3053747855 3053747849 6 1 0 
1327311160 1327311110 1 1 0 
2013316080 99442867 9 1 0 
3781857810 99370302 8 1 0 
99125658 2014554008 95 1 0 
99321170 99134033 51 1 0 
99162705 99162703 10 1 0 
2095614752 99124448 12 1 0 
3616102885 3616102882 10 1 0 
2908244359 2908244361 16 1 0 
3041351175 3041351174 2 1 0 
99340552 99340553 36 1 0 
2701181517 2701181710 20 1 0 
2117349550 2117349546 8 1 0 
99128424 99128426 32 1 0 
98984404 1328250857 46 1 0 
462159026 624945379 6 1 0 
604137256 3905551899 2 1 0 
3081400921 3081400920 2 1 0 
2719568872 2719568871 3 1 0 
2027923923 2027923921 4 1 0 
99270015 99087388 32 1 0 
3881263515 3881263518 11 1 0 
3640952805 3640952804 8 1 0 
1935171590 1935171626 2 1 0 
3712727432 1116403112 16 1 0 
99036061 99030142 46 1 0 
3727888936 3625821411 6 1 0 
1486040369 1486040368 3 1 0 
903645890 903645889 42 1 0 
99009288 99009290 20 1 0 
3528256957 3528256971 7 1 0 
1230145243 1287456539 16 1 0 
2095388290 99265886 3 1 0 
3139607089 99147129 32 1 0 
99127332 99127330 28 1 0 
99073403 99073409 5 1 0 
459587459 459587466 12 1 0 
3574518212 3574518213 9 1 0 
99394192 1389591379 7 1 0 
99195800 99195798 13 1 0 
2004969658 1420619592 18 1 0 
3137493256 3137493255 2 1 0 
384018189 99220860 53 1 0 
3164632381 3164632380 5 1 0 
99385837 99385827 7 1 0 
3590654286 3590654287 3 1 0 
99257770 99257767 11 1 0 
99332135 99332134 30 1 0 
2095614717 2095614721 2 1 0 
604136888 1635434887 11 1 0 
99068176 99351341 39 1 0 
459810335 459810336 6 1 0 
3705485834 3705485836 36 1 0 
2 10 100
3451745544 3451745547 2 2 0 
99116712 4011419061 37 2 0 
2030087626 2030087643 2 2 0 
99060424 99220918 34 2 0 
99320424 99320422 6 2 0 
99115379 1828212627 61 2 0 
3704993888 3704993889 2 2 0 
99028725 2067659936 5 2 0 
99334395 544789369 6 2 0 
99289561 99285228 22 2 0 
462198235 462198234 5 2 0 
466110391 466109340 16 2 0 
2014773028 99221417 19 2 0 
99292685 99287608 30 2 0 
3041390120 3041390119 3 2 0 
99105386 99105385 5 2 0 
99079545 99079541 14 2 0 
1423648930 1423648854 27 2 0 
99115216 99115214 4 2 0 
99110066 99110064 12 2 0 
99194045 99194042 27 2 0 
3159199667 3159199666 4 2 0 
99090595 99090593 35 2 0 
624983792 624983793 6 2 0 
1116155485 1116155483 8 2 0 
99068367 99068365 33 2 0 
99042229 99042227 10 2 0 
1079360459 1079360279 3 2 0 
460867040 99022276 15 2 0 
2888234623 99331340 7 2 0 
99180654 99090060 46 2 0 
2849740233 99266697 42 2 0 
3705465991 99247560 35 2 0 
99317460 99083437 4 2 0 
99207968 99158078 57 2 0 
2196936845 99108262 22 2 0 
544789003 99127219 18 2 0 
99144444 99102420 83 2 0 
99152905 99085987 27 2 0 
99279209 99122697 67 2 0 
968365902 99306988 14 2 0 
2067659713 2067659717 3 2 0 
3258497164 3258497163 23 2 0 
1945115485 1945115487 8 2 0 
463246678 463246681 17 2 0 
99065741 99065742 7 2 0 
3053747855 3053747849 6 2 0 
1327311110 1327310993 7 0 0 
2013316080 99442867 9 2 0 
3781857810 99370302 8 2 0 
99125658 2014554008 95 2 0 
99321170 99134033 51 2 0 
99162705 99162703 10 2 0 
2095614752 99124448 12 2 0 
3616102885 3616102882 10 2 0 
2908244359 2908244361 16 2 0 
3041351175 3041351174 2 2 0 
99340552 99340553 36 2 0 
2701181517 2701181710 20 2 0 
2117349550 2117349546 8 2 0 
99128424 99128426 32 2 0 
98984404 1328250857 46 2 0 
462159026 624945379 6 2 0 
604137256 3905551899 2 2 0 
3081400921 3081400920 2 2 0 
2719568872 2719568871 3 2 0 
2027923923 2027923921 4 2 0 
99270015 99087388 32 2 0 
3881263515 3881263518 11 2 0 
3640952805 3640952804 8 2 0 
1935171590 1935171626 2 2 0 
3712727432 1116403112 16 2 0 
99036061 99030142 46 2 0 
3727888936 3625821411 6 2 0 
1486040369 1486040368 3 2 0 
903645890 903645889 42 2 0 
99009288 99009290 20 2 0 
3528256957 3528256971 7 2 0 
1230145243 1287456539 16 2 0 
2095388290 99265886 3 2 0 
3139607089 99147129 32 2 0 
99127332 99127330 28 2 0 
99073403 99073409 5 2 0 
459587459 459587466 12 2 0 
3574518212 3574518213 9 2 0 
99394192 1389591379 7 2 0 
99195800 99195798 13 2 0 
2004969658 1420619592 18 2 0 
3137493256 3137493255 2 2 0 
384018189 99220860 53 2 0 
3164632381 3164632380 5 2 0 
99385837 99385827 7 2 0 
3590654286 3590654287 3 2 0 
99257770 99257767 11 2 0 
99332135 99332134 30 2 0 
2095614717 2095614721 2 2 0 
604136888 1635434887 11 2 0 
99068176 99351341 39 2 0 
459810335 459810336 6 2 0 
3705485834 3705485836 36 2 0 
3 10 100
3451745547 3451745550 3 0 0 
99116712 4011419061 37 3 0 
2030087643 1326378649 2 0 0 
99060424 99220918 34 3 0 
99320424 99320422 6 3 0 
99115379 1828212627 61 3 0 
3704993889 3704993883 17 0 0 
99028725 2067659936 5 3 0 
99334395 544789369 6 3 0 
99289561 99285228 22 3 0 
462198235 462198234 5 3 0 
466110391 466109340 16 3 0 
2014773028 99221417 19 3 0 
99292685 99287608 30 3 0 
3041390120 3041390119 3 3 0 
99105386 99105385 5 3 0 
99079545 99079541 14 3 0 
1423648930 1423648854 27 3 0 
99115216 99115214 4 3 0 
99110066 99110064 12 3 0 
99194045 99194042 27 3 0 
3159199667 3159199666 4 3 0 
99090595 99090593 35 3 0 
624983792 624983793 6 3 0 
1116155485 1116155483 8 3 0 
99068367 99068365 33 3 0 
99042229 99042227 10 3 0 
1079360459 1079360279 3 3 0 
460867040 99022276 15 3 0 
2888234623 99331340 7 3 0 
99180654 99090060 46 3 0 
2849740233 99266697 42 3 0 
3705465991 99247560 35 3 0 
99317460 99083437 4 3 0 
99207968 99158078 57 3 0 
2196936845 99108262 22 3 0 
544789003 99127219 18 3 0 
99144444 99102420 83 3 0 
99152905 99085987 27 3 0 
99279209 99122697 67 3 0 
968365902 99306988 14 3 0 
2067659713 2067659717 3 3 0 
3258497164 3258497163 23 3 0 
1945115485 1945115487 8 3 0 
463246678 463246681 17 3 0 
99065741 99065742 7 3 0 
3053747855 3053747849 6 3 0 
1327311110 1327310993 7 1 0 
2013316080 99442867 9 3 0 
3781857810 99370302 8 3 0 
99125658 2014554008 95 3 0 
99321170 99134033 51 3 0 
99162705 99162703 10 3 0 
2095614752 99124448 12 3 0 
3616102885 3616102882 10 3 0 
2908244359 2908244361 16 3 0 
3041351174 3041351173 2 0 0 
99340552 99340553 36 3 0 
2701181517 2701181710 20 3 0 
2117349550 2117349546 8 3 0 
99128424 99128426 32 3 0 
98984404 1328250857 46 3 0 
462159026 624945379 6 3 0 
3905551899 3905551900 2 0 0 
3081400920 3081400919 2 0 0 
2719568872 2719568871 3 3 0 
2027923923 2027923921 4 3 0 
99270015 99087388 32 3 0 
3881263515 3881263518 11 3 0 
3640952805 3640952804 8 3 0 
1935171626 1935171618 2 0 0 
3712727432 1116403112 16 3 0 
99036061 99030142 46 3 0 
3727888936 3625821411 6 3 0 
1486040369 1486040368 3 3 0 
903645890 903645889 42 3 0 
99009288 99009290 20 3 0 
3528256957 3528256971 7 3 0 
1230145243 1287456539 16 3 0 
2095388290 99265886 3 3 0 
3139607089 99147129 32 3 0 
99127332 99127330 28 3 0 
99073403 99073409 5 3 0 
459587459 459587466 12 3 0 
3574518212 3574518213 9 3 0 
99394192 1389591379 7 3 0 
99195800 99195798 13 3 0 
2004969658 1420619592 18 3 0 
3137493255 3137493254 6 0 0 
384018189 99220860 53 3 0 
3164632381 3164632380 5 3 0 
99385837 99385827 7 3 0 
3590654286 3590654287 3 3 0 
99257770 99257767 11 3 0 
99332135 99332134 30 3 0 
2095614721 2095614724 2 0 0 
604136888 1635434887 11 3 0 
99068176 99351341 39 3 0 
459810335 459810336 6 3 0 
3705485834 3705485836 36 3 0 
4 10 100
3451745547 3451745550 3 1 0 
99116712 4011419061 37 4 0 
2030087643 1326378649 2 1 0 
99060424 99220918 34 4 0 
99320424 99320422 6 4 0 
99115379 1828212627 61 4 0 
3704993889 3704993883 17 1 0 
99028725 2067659936 5 4 0 
99334395 544789369 6 4 0 
99289561 99285228 22 4 0 
462198235 462198234 5 4 0 
466110391 466109340 16 4 0 
2014773028 99221417 19 4 0 
99292685 99287608 30 4 0 
3041390119 3041390118 22 0 0 
99105386 99105385 5 4 0 
99079545 99079541 14 4 0 
1423648930 1423648854 27 4 0 
99115216 99115214 4 4 0 
99110066 99110064 12 4 0 
99194045 99194042 27 4 0 
3159199667 3159199666 4 4 0 
99090595 99090593 35 4 0 
624983792 624983793 6 4 0 
1116155485 1116155483 8 4 0 
99068367 99068365 33 4 0 
99042229 99042227 10 4 0 
1079360279 1079360499 3 0 0 
460867040 99022276 15 4 0 
2888234623 99331340 7 4 0 
99180654 99090060 46 4 0 
2849740233 99266697 42 4 0 
3705465991 99247560 35 4 0 
99317460 99083437 4 4 0 
99207968 99158078 57 4 0 
2196936845 99108262 22 4 0 
544789003 99127219 18 4 0 
99144444 99102420 83 4 0 
99152905 99085987 27 4 0 
99279209 99122697 67 4 0 
968365902 99306988 14 4 0 
2067659717 2067659756 5 0 0 
3258497164 3258497163 23 4 0 
1945115485 1945115487 8 4 0 
463246678 463246681 17 4 0 
99065741 99065742 7 4 0 
3053747855 3053747849 6 4 0 
1327311110 1327310993 7 2 0 
2013316080 99442867 9 4 0 
3781857810 99370302 8 4 0 
99125658 2014554008 95 4 0 
99321170 99134033 51 4 0 
99162705 99162703 10 4 0 
2095614752 99124448 12 4 0 
3616102885 3616102882 10 4 0 
2908244359 2908244361 16 4 0 
3041351174 3041351173 2 1 0 
99340552 99340553 36 4 0 
2701181517 2701181710 20 4 0 
2117349550 2117349546 8 4 0 
99128424 99128426 32 4 0 
98984404 1328250857 46 4 0 
462159026 624945379 6 4 0 
3905551899 3905551900 2 1 0 
3081400920 3081400919 2 1 0 
2719568871 2719568870 2 0 0 
2027923923 2027923921 4 4 0 
99270015 99087388 32 4 0 
3881263515 3881263518 11 4 0 
3640952805 3640952804 8 4 0 
1935171626 1935171618 2 1 0 
3712727432 1116403112 16 4 0 
99036061 99030142 46 4 0 
3727888936 3625821411 6 4 0 
1486040368 99338875 4 0 0 
903645890 903645889 42 4 0 
99009288 99009290 20 4 0 
3528256957 3528256971 7 4 0 
1230145243 1287456539 16 4 0 
99265886 2095388291 4 0 0 
3139607089 99147129 32 4 0 
99127332 99127330 28 4 0 
99073403 99073409 5 4 0 
459587459 459587466 12 4 0 
3574518212 3574518213 9 4 0 
99394192 1389591379 7 4 0 
99195800 99195798 13 4 0 
2004969658 1420619592 18 4 0 
3137493255 3137493254 6 1 0 
384018189 99220860 53 4 0 
3164632381 3164632380 5 4 0 
99385837 99385827 7 4 0 
3590654287 3590654288 4 0 0 
99257770 99257767 11 4 0 
99332135 99332134 30 4 0 
2095614721 2095614724 2 1 0 
604136888 1635434887 11 4 0 
99068176 99351341 39 4 0 
459810335 459810336 6 4 0 
3705485834 3705485836 36 4 0 
5 10 100
3451745547 3451745550 3 2 0 
99116712 4011419061 37 5 0 
2030087643 1326378649 2 2 0 
99060424 99220918 34 5 0 
99320424 99320422 6 5 0 
99115379 1828212627 61 5 0 
3704993889 3704993883 17 2 0 
99028725 2067659936 5 5 0 
99334395 544789369 6 5 0 
99289561 99285228 22 5 0 
462198235 462198234 5 5 0 
466110391 466109340 16 5 0 
2014773028 99221417 19 5 0 
99292685 99287608 30 5 0 
3041390119 3041390118 22 1 0 
99105386 99105385 5 5 0 
99079545 99079541 14 5 0 
1423648930 1423648854 27 5 0 
99115214 99115213 12 0 0 
99110066 99110064 12 5 0 
99194045 99194042 27 5 0 
3159199666 3159199665 3 0 0 
99090595 99090593 35 5 0 
624983792 624983793 6 5 0 
1116155485 1116155483 8 5 0 
99068367 99068365 33 5 0 
99042229 99042227 10 5 0 
1079360279 1079360499 3 1 0 
460867040 99022276 15 5 0 
2888234623 99331340 7 5 0 
99180654 99090060 46 5 0 
2849740233 99266697 42 5 0 
3705465991 99247560 35 5 0 
99083437 2151443929 6 0 0 
99207968 99158078 57 5 0 
2196936845 99108262 22 5 0 
544789003 99127219 18 5 0 
99144444 99102420 83 5 0 
99152905 99085987 27 5 0 
99279209 99122697 67 5 0 
968365902 99306988 14 5 0 
2067659717 2067659756 5 1 0 
3258497164 3258497163 23 5 0 
1945115485 1945115487 8 5 0 
463246678 463246681 17 5 0 
99065741 99065742 7 5 0 
3053747855 3053747849 6 5 0 
1327311110 1327310993 7 3 0 
2013316080 99442867 9 5 0 
3781857810 99370302 8 5 0 
99125658 2014554008 95 5 0 
99321170 99134033 51 5 0 
99162705 99162703 10 5 0 
2095614752 99124448 12 5 0 
3616102885 3616102882 10 5 0 
2908244359 2908244361 16 5 0 
3041351174 3041351173 2 2 0 
99340552 99340553 36 5 0 
2701181517 2701181710 20 5 0 
2117349550 2117349546 8 5 0 
99128424 99128426 32 5 0 
98984404 1328250857 46 5 0 
462159026 624945379 6 5 0 
3905551899 3905551900 2 2 0 
3081400920 3081400919 2 2 0 
2719568871 2719568870 2 1 0 
2027923921 1326411927 2 0 0 
99270015 99087388 32 5 0 
3881263515 3881263518 11 5 0 
3640952805 3640952804 8 5 0 
1935171626 1935171618 2 2 0 
3712727432 1116403112 16 5 0 
99036061 99030142 46 5 0 
3727888936 3625821411 6 5 0 
1486040368 99338875 4 1 0 
903645890 903645889 42 5 0 
99009288 99009290 20 5 0 
3528256957 3528256971 7 5 0 
1230145243 1287456539 16 5 0 
99265886 2095388291 4 1 0 
3139607089 99147129 32 5 0 
99127332 99127330 28 5 0 
99073403 99073409 5 5 0 
459587459 459587466 12 5 0 
3574518212 3574518213 9 5 0 
99394192 1389591379 7 5 0 
99195800 99195798 13 5 0 
2004969658 1420619592 18 5 0 
3137493255 3137493254 6 2 0 
384018189 99220860 53 5 0 
3164632381 3164632380 5 5 0 
99385837 99385827 7 5 0 
3590654287 3590654288 4 1 0 
99257770 99257767 11 5 0 
99332135 99332134 30 5 0 
2095614721 2095614724 2 2 0 
604136888 1635434887 11 5 0 
99068176 99351341 39 5 0 
459810335 459810336 6 5 0 
3705485834 3705485836 36 5 0 
6 10 100
3451745547 3451745550 3 3 0 
99116712 4011419061 37 6 0 
1326378649 2030087645 2 0 0 
99060424 99220918 34 6 0 
99320424 99320422 6 6 0 
99115379 1828212627 61 6 0 
3704993889 3704993883 17 3 0 
2067659936 624943784 11 0 0 
99334395 544789369 6 6 0 
99289561 99285228 22 6 0 
462198234 462196268 4 0 0 
466110391 466109340 16 6 0 
2014773028 99221417 19 6 0 
99292685 99287608 30 6 0 
3041390119 3041390118 22 2 0 
99105385 99003855 16 0 0 
99079545 99079541 14 6 0 
1423648930 1423648854 27 6 0 
99115214 99115213 12 1 0 
99110066 99110064 12 6 0 
99194045 99194042 27 6 0 
3159199666 3159199665 3 1 0 
99090595 99090593 35 6 0 
624983792 624983793 6 6 0 
1116155485 1116155483 8 6 0 
99068367 99068365 33 6 0 
99042229 99042227 10 6 0 
1079360279 1079360499 3 2 0 
460867040 99022276 15 6 0 
2888234623 99331340 7 6 0 
99180654 99090060 46 6 0 
2849740233 99266697 42 6 0 
3705465991 99247560 35 6 0 
99083437 2151443929 6 1 0 
99207968 99158078 57 6 0 
2196936845 99108262 22 6 0 
544789003 99127219 18 6 0 
99144444 99102420 83 6 0 
99152905 99085987 27 6 0 
99279209 99122697 67 6 0 
968365902 99306988 14 6 0 
2067659717 2067659756 5 2 0 
3258497164 3258497163 23 6 0 
1945115485 1945115487 8 6 0 
463246678 463246681 17 6 0 
99065741 99065742 7 6 0 
3053747855 3053747849 6 6 0 
1327311110 1327310993 7 4 0 
2013316080 99442867 9 6 0 
3781857810 99370302 8 6 0 
99125658 2014554008 95 6 0 
99321170 99134033 51 6 0 
99162705 99162703 10 6 0 
2095614752 99124448 12 6 0 
3616102885 3616102882 10 6 0 
2908244359 2908244361 16 6 0 
3041351173 3041351172 14 0 0 
99340552 99340553 36 6 0 
2701181517 2701181710 20 6 0 
2117349550 2117349546 8 6 0 
99128424 99128426 32 6 0 
98984404 1328250857 46 6 0 
462159026 624945379 6 6 0 
3905551900 3905551901 15 0 0 
3081400919 3081400916 1 0 0 
2719568871 2719568870 2 2 0 
2027923921 1326411927 2 1 0 
99270015 99087388 32 6 0 
3881263515 3881263518 11 6 0 
3640952805 3640952804 8 6 0 
1935171618 1935171608 2 0 0 
3712727432 1116403112 16 6 0 
99036061 99030142 46 6 0 
3727888936 3625821411 6 6 0 
1486040368 99338875 4 2 0 
903645890 903645889 42 6 0 
99009288 99009290 20 6 0 
3528256957 3528256971 7 6 0 
1230145243 1287456539 16 6 0 
99265886 2095388291 4 2 0 
3139607089 99147129 32 6 0 
99127332 99127330 28 6 0 
99073409 99073415 8 0 0 
459587459 459587466 12 6 0 
3574518212 3574518213 9 6 0 
99394192 1389591379 7 6 0 
99195800 99195798 13 6 0 
2004969658 1420619592 18 6 0 
3137493255 3137493254 6 3 0 
384018189 99220860 53 6 0 
3164632380 99004008 21 0 0 
99385837 99385827 7 6 0 
3590654287 3590654288 4 2 0 
99257770 99257767 11 6 0 
99332135 99332134 30 6 0 
2095614724 99292151 8 0 0 
604136888 1635434887 11 6 0 
99068176 99351341 39 6 0 
459810335 459810336 6 6 0 
3705485834 3705485836 36 6 0 
7 10 100
3451745550 3451745552 3 0 0 
99116712 4011419061 37 7 0 
1326378649 2030087645 2 1 0 
99060424 99220918 34 7 0 
99320422 99320419 7 0 0 
99115379 1828212627 61 7 0 
3704993889 3704993883 17 4 0 
2067659936 624943784 11 1 0 
544789369 544789370 53 0 0 
99289561 99285228 22 7 0 
462198234 462196268 4 1 0 
466110391 466109340 16 7 0 
2014773028 99221417 19 7 0 
99292685 99287608 30 7 0 
3041390119 3041390118 22 3 0 
99105385 99003855 16 1 0 
99079545 99079541 14 7 0 
1423648930 1423648854 27 7 0 
99115214 99115213 12 2 0 
99110066 99110064 12 7 0 
99194045 99194042 27 7 0 
3159199666 3159199665 3 2 0 
99090595 99090593 35 7 0 
624983793 614997356 15 0 0 
1116155485 1116155483 8 7 0 
99068367 99068365 33 7 0 
99042229 99042227 10 7 0 
1079360279 1079360499 3 3 0 
460867040 99022276 15 7 0 
2888234623 99331340 7 7 0 
99180654 99090060 46 7 0 
2849740233 99266697 42 7 0 
3705465991 99247560 35 7 0 
99083437 2151443929 6 2 0 
99207968 99158078 57 7 0 
2196936845 99108262 22 7 0 
544789003 99127219 18 7 0 
99144444 99102420 83 7 0 
99152905 99085987 27 7 0 
99279209 99122697 67 7 0 
968365902 99306988 14 7 0 
2067659717 2067659756 5 3 0 
3258497164 3258497163 23 7 0 
1945115485 1945115487 8 7 0 
463246678 463246681 17 7 0 
99065741 99065742 7 7 0 
3053747849 3053747855 6 0 0 
1327311110 1327310993 7 5 0 
2013316080 99442867 9 7 0 
3781857810 99370302 8 7 0 
99125658 2014554008 95 7 0 
99321170 99134033 51 7 0 
99162705 99162703 10 7 0 
2095614752 99124448 12 7 0 
3616102885 3616102882 10 7 0 
2908244359 2908244361 16 7 0 
3041351173 3041351172 14 1 0 
99340552 99340553 36 7 0 
2701181517 2701181710 20 7 0 
2117349550 2117349546 8 7 0 
99128424 99128426 32 7 0 
98984404 1328250857 46 7 0 
624945379 99016626 7 0 0 
3905551900 3905551901 15 1 0 
3081400919 3081400916 1 1 0 
2719568870 2719568869 2 0 0 
2027923921 1326411927 2 2 0 
99270015 99087388 32 7 0 
3881263515 3881263518 11 7 0 
3640952805 3640952804 8 7 0 
1935171618 1935171608 2 1 0 
3712727432 1116403112 16 7 0 
99036061 99030142 46 7 0 
3625821411 3727834411 42 0 0 
1486040368 99338875 4 3 0 
903645890 903645889 42 7 0 
99009288 99009290 20 7 0 
3528256957 3528256971 7 7 0 
1230145243 1287456539 16 7 0 
99265886 2095388291 4 3 0 
3139607089 99147129 32 7 0 
99127332 99127330 28 7 0 
99073409 99073415 8 1 0 
459587459 459587466 12 7 0 
3574518212 3574518213 9 7 0 
99394192 1389591379 7 7 0 
99195800 99195798 13 7 0 
2004969658 1420619592 18 7 0 
3137493255 3137493254 6 4 0 
384018189 99220860 53 7 0 
3164632380 99004008 21 1 0 
99385837 99385827 7 7 0 
3590654287 3590654288 4 3 0 
99257770 99257767 11 7 0 
99332135 99332134 30 7 0 
2095614724 99292151 8 1 0 
604136888 1635434887 11 7 0 
99068176 99351341 39 7 0 
459810336 99043650 5 0 0 
3705485834 3705485836 36 7 0 
8 10 100
3451745550 3451745552 3 1 0 
99116712 4011419061 37 8 0 
1326378649 2030087645 2 2 0 
99060424 99220918 34 8 0 
99320422 99320419 7 1 0 
99115379 1828212627 61 8 0 
3704993889 3704993883 17 5 0 
2067659936 624943784 11 2 0 
544789369 544789370 53 1 0 
99289561 99285228 22 8 0 
462198234 462196268 4 2 0 
466110391 466109340 16 8 0 
2014773028 99221417 19 8 0 
99292685 99287608 30 8 0 
3041390119 3041390118 22 4 0 
99105385 99003855 16 2 0 
99079545 99079541 14 8 0 
1423648930 1423648854 27 8 0 
99115214 99115213 12 3 0 
99110066 99110064 12 8 0 
99194045 99194042 27 8 0 
3159199666 3159199665 3 3 0 
99090595 99090593 35 8 0 
624983793 614997356 15 1 0 
1116155485 1116155483 8 8 0 
99068367 99068365 33 8 0 
99042229 99042227 10 8 0 
1079360499 1079360462 3 0 0 
460867040 99022276 15 8 0 
99331340 2888234625 10 0 0 
99180654 99090060 46 8 0 
2849740233 99266697 42 8 0 
3705465991 99247560 35 8 0 
99083437 2151443929 6 3 0 
99207968 99158078 57 8 0 
2196936845 99108262 22 8 0 
544789003 99127219 18 8 0 
99144444 99102420 83 8 0 
99152905 99085987 27 8 0 
99279209 99122697 67 8 0 
968365902 99306988 14 8 0 
2067659717 2067659756 5 4 0 
3258497164 3258497163 23 8 0 
1945115485 1945115487 8 8 0 
463246678 463246681 17 8 0 
99065742 99065744 10 0 0 
3053747849 3053747855 6 1 0 
1327311110 1327310993 7 6 0 
2013316080 99442867 9 8 0 
3781857810 99370302 8 8 0 
99125658 2014554008 95 8 0 
99321170 99134033 51 8 0 
99162705 99162703 10 8 0 
2095614752 99124448 12 8 0 
3616102885 3616102882 10 8 0 
2908244359 2908244361 16 8 0 
3041351173 3041351172 14 2 0 
99340552 99340553 36 8 0 
2701181517 2701181710 20 8 0 
2117349550 2117349546 8 8 0 
99128424 99128426 32 8 0 
98984404 1328250857 46 8 0 
624945379 99016626 7 1 0 
3905551900 3905551901 15 2 0 
3081400916 3081400917 2 0 0 
2719568870 2719568869 2 1 0 
1326411927 2027923935 3 0 0 
99270015 99087388 32 8 0 
3881263515 3881263518 11 8 0 
3640952805 3640952804 8 8 0 
1935171618 1935171608 2 2 0 
3712727432 1116403112 16 8 0 
99036061 99030142 46 8 0 
3625821411 3727834411 42 1 0 
1486040368 99338875 4 4 0 
903645890 903645889 42 8 0 
99009288 99009290 20 8 0 
3528256971 1244169013 8 0 0 
1230145243 1287456539 16 8 0 
99265886 2095388291 4 4 0 
3139607089 99147129 32 8 0 
99127332 99127330 28 8 0 
99073409 99073415 8 2 0 
459587459 459587466 12 8 0 
3574518212 3574518213 9 8 0 
1389591379 1389591260 25 0 0 
99195800 99195798 13 8 0 
2004969658 1420619592 18 8 0 
3137493255 3137493254 6 5 0 
384018189 99220860 53 8 0 
3164632380 99004008 21 2 0 
99385827 99385825 5 0 0 
3590654287 3590654288 4 4 0 
99257770 99257767 11 8 0 
99332135 99332134 30 8 0 
2095614724 99292151 8 2 0 
604136888 1635434887 11 8 0 
99068176 99351341 39 8 0 
459810336 99043650 5 1 0 
3705485834 3705485836 36 8 0 
9 10 100
3451745550 3451745552 3 2 0 
99116712 4011419061 37 9 0 
2030087645 2030087642 2 0 0 
99060424 99220918 34 9 0 
99320422 99320419 7 2 0 
99115379 1828212627 61 9 0 
3704993889 3704993883 17 6 0 
2067659936 624943784 11 3 0 
544789369 544789370 53 2 0 
99289561 99285228 22 9 0 
462198234 462196268 4 3 0 
466110391 466109340 16 9 0 
2014773028 99221417 19 9 0 
99292685 99287608 30 9 0 
3041390119 3041390118 22 5 0 
99105385 99003855 16 3 0 
99079545 99079541 14 9 0 
1423648930 1423648854 27 9 0 
99115214 99115213 12 4 0 
99110066 99110064 12 9 0 
99194045 99194042 27 9 0 
3159199665 3159199664 12 0 0 
99090595 99090593 35 9 0 
624983793 614997356 15 2 0 
1116155483 99018151 8 0 0 
99068367 99068365 33 9 0 
99042229 99042227 10 9 0 
1079360499 1079360462 3 1 0 
460867040 99022276 15 9 0 
99331340 2888234625 10 1 0 
99180654 99090060 46 9 0 
2849740233 99266697 42 9 0 
3705465991 99247560 35 9 0 
99083437 2151443929 6 4 0 
99207968 99158078 57 9 0 
2196936845 99108262 22 9 0 
544789003 99127219 18 9 0 
99144444 99102420 83 9 0 
99152905 99085987 27 9 0 
99279209 99122697 67 9 0 
968365902 99306988 14 9 0 
2067659717 2067659756 5 5 0 
3258497164 3258497163 23 9 0 
1945115487 99193871 12 0 0 
463246678 463246681 17 9 0 
99065742 99065744 10 1 0 
3053747849 3053747855 6 2 0 
1327311110 1327310993 7 7 0 
2013316080 99442867 9 9 0 
99370302 1617350997 16 0 0 
99125658 2014554008 95 9 0 
99321170 99134033 51 9 0 
99162705 99162703 10 9 0 
2095614752 99124448 12 9 0 
3616102885 3616102882 10 9 0 
2908244359 2908244361 16 9 0 
3041351173 3041351172 14 3 0 
99340552 99340553 36 9 0 
2701181517 2701181710 20 9 0 
2117349546 2117349540 5 0 0 
99128424 99128426 32 9 0 
98984404 1328250857 46 9 0 
624945379 99016626 7 2 0 
3905551900 3905551901 15 3 0 
3081400916 3081400917 2 1 0 
2719568870 2719568869 2 2 0 
1326411927 2027923935 3 1 0 
99270015 99087388 32 9 0 
3881263515 3881263518 11 9 0 
3640952804 3640952819 27 0 0 
1935171608 1935171576 2 0 0 
3712727432 1116403112 16 9 0 
99036061 99030142 46 9 0 
3625821411 3727834411 42 2 0 
99338875 99338873 118 0 0 
903645890 903645889 42 9 0 
99009288 99009290 20 9 0 
3528256971 1244169013 8 1 0 
1230145243 1287456539 16 9 0 
2095388291 99265887 3 0 0 
3139607089 99147129 32 9 0 
99127332 99127330 28 9 0 
99073409 99073415 8 3 0 
459587459 459587466 12 9 0 
3574518212 3574518213 9 9 0 
1389591379 1389591260 25 1 0 
99195800 99195798 13 9 0 
2004969658 1420619592 18 9 0 
3137493255 3137493254 6 6 0 
384018189 99220860 53 9 0 
3164632380 99004008 21 3 0 
99385827 99385825 5 1 0 
3590654288 99101005 5 0 0 
99257770 99257767 11 9 0 
99332135 99332134 30 9 0 
2095614724 99292151 8 3 0 
604136888 1635434887 11 9 0 
99068176 99351341 39 9 0 
459810336 99043650 5 2 0 
3705485834 3705485836 36 9 0 
10 10 100
3451745550 3451745552 3 3 0 
99116712 4011419061 37 10 0 
2030087645 2030087642 2 1 0 
99060424 99220918 34 10 0 
99320422 99320419 7 3 0 
99115379 1828212627 61 10 0 
3704993889 3704993883 17 7 0 
2067659936 624943784 11 4 0 
544789369 544789370 53 3 0 
99289561 99285228 22 10 0 
462198234 462196268 4 4 0 
466110391 466109340 16 10 0 
2014773028 99221417 19 10 0 
99292685 99287608 30 10 0 
3041390119 3041390118 22 6 0 
99105385 99003855 16 4 0 
99079545 99079541 14 10 0 
1423648930 1423648854 27 10 0 
99115214 99115213 12 5 0 
99110066 99110064 12 10 0 
99194045 99194042 27 10 0 
3159199665 3159199664 12 1 0 
99090595 99090593 35 10 0 
624983793 614997356 15 3 0 
1116155483 99018151 8 1 0 
99068367 99068365 33 10 0 
99042229 99042227 10 10 0 
1079360499 1079360462 3 2 0 
460867040 99022276 15 10 0 
99331340 2888234625 10 2 0 
99180654 99090060 46 10 0 
2849740233 99266697 42 10 0 
3705465991 99247560 35 10 0 
99083437 2151443929 6 5 0 
99207968 99158078 57 10 0 
2196936845 99108262 22 10 0 
544789003 99127219 18 10 0 
99144444 99102420 83 10 0 
99152905 99085987 27 10 0 
99279209 99122697 67 10 0 
968365902 99306988 14 10 0 
2067659756 2067659762 6 0 0 
3258497164 3258497163 23 10 0 
1945115487 99193871 12 1 0 
463246678 463246681 17 10 0 
99065742 99065744 10 2 0 
3053747849 3053747855 6 3 0 
1327310993 1327311015 11 0 0 
99442867 99442866 7 0 0 
99370302 1617350997 16 1 0 
99125658 2014554008 95 10 0 
99321170 99134033 51 10 0 
99162705 99162703 10 10 0 
2095614752 99124448 12 10 0 
3616102885 3616102882 10 10 0 
2908244359 2908244361 16 10 0 
3041351173 3041351172 14 4 0 
99340552 99340553 36 10 0 
2701181517 2701181710 20 10 0 
2117349546 2117349540 5 1 0 
99128424 99128426 32 10 0 
98984404 1328250857 46 10 0 
624945379 99016626 7 3 0 
3905551900 3905551901 15 4 0 
3081400916 3081400917 2 2 0 
2719568869 2719568868 2 0 0 
1326411927 2027923935 3 2 0 
99270015 99087388 32 10 0 
3881263515 3881263518 11 10 0 
3640952804 3640952819 27 1 0 
1935171608 1935171576 2 1 0 
3712727432 1116403112 16 10 0 
99036061 99030142 46 10 0 
3625821411 3727834411 42 3 0 
99338875 99338873 118 1 0 
903645890 903645889 42 10 0 
99009288 99009290 20 10 0 
3528256971 1244169013 8 2 0 
1230145243 1287456539 16 10 0 
2095388291 99265887 3 1 0 
3139607089 99147129 32 10 0 
99127332 99127330 28 10 0 
99073409 99073415 8 4 0 
459587459 459587466 12 10 0 
3574518213 3574518214 4 0 0 
1389591379 1389591260 25 2 0 
99195800 99195798 13 10 0 
2004969658 1420619592 18 10 0 
3137493254 3703574542 3 0 0 
384018189 99220860 53 10 0 
3164632380 99004008 21 4 0 
99385827 99385825 5 2 0 
3590654288 99101005 5 1 0 
99257770 99257767 11 10 0 
99332135 99332134 30 10 0 
2095614724 99292151 8 4 0 
604136888 1635434887 11 10 0 
99068176 99351341 39 10 0 
459810336 99043650 5 3 0 
3705485834 3705485836 36 10 0 
11 10 100
3451745552 3451745551 41 0 0 
99116712 4011419061 37 11 0 
2030087645 2030087642 2 2 0 
99060424 99220918 34 11 0 
99320422 99320419 7 4 0 
99115379 1828212627 61 11 0 
3704993889 3704993883 17 8 0 
2067659936 624943784 11 5 0 
544789369 544789370 53 4 0 
99289561 99285228 22 11 0 
462196268 99008103 7 0 0 
466110391 466109340 16 11 0 
2014773028 99221417 19 11 0 
99292685 99287608 30 11 0 
3041390119 3041390118 22 7 0 
99105385 99003855 16 5 0 
99079545 99079541 14 11 0 
1423648930 1423648854 27 11 0 
99115214 99115213 12 6 0 
99110066 99110064 12 11 0 
99194045 99194042 27 11 0 
3159199665 3159199664 12 2 0 
99090595 99090593 35 11 0 
624983793 614997356 15 4 0 
1116155483 99018151 8 2 0 
99068367 99068365 33 11 0 
99042227 466070287 10 0 0 
1079360499 1079360462 3 3 0 
460867040 99022276 15 11 0 
99331340 2888234625 10 3 0 
99180654 99090060 46 11 0 
2849740233 99266697 42 11 0 
3705465991 99247560 35 11 0 
99083437 2151443929 6 6 0 
99207968 99158078 57 11 0 
2196936845 99108262 22 11 0 
544789003 99127219 18 11 0 
99144444 99102420 83 11 0 
99152905 99085987 27 11 0 
99279209 99122697 67 11 0 
968365902 99306988 14 11 0 
2067659756 2067659762 6 1 0 
3258497164 3258497163 23 11 0 
1945115487 99193871 12 2 0 
463246678 463246681 17 11 0 
99065742 99065744 10 3 0 
3053747849 3053747855 6 4 0 
1327310993 1327311015 11 1 0 
99442867 99442866 7 1 0 
99370302 1617350997 16 2 0 
99125658 2014554008 95 11 0 
99321170 99134033 51 11 0 
99162703 99041349 37 0 0 
2095614752 99124448 12 11 0 
3616102882 3616102880 12 0 0 
2908244359 2908244361 16 11 0 
3041351173 3041351172 14 5 0 
99340552 99340553 36 11 0 
2701181517 2701181710 20 11 0 
2117349546 2117349540 5 2 0 
99128424 99128426 32 11 0 
98984404 1328250857 46 11 0 
624945379 99016626 7 4 0 
3905551900 3905551901 15 5 0 
3081400917 3081400918 6 0 0 
2719568869 2719568868 2 1 0 
1326411927 2027923935 3 3 0 
99270015 99087388 32 11 0 
3881263515 3881263518 11 11 0 
3640952804 3640952819 27 2 0 
1935171608 1935171576 2 2 0 
3712727432 1116403112 16 11 0 
99036061 99030142 46 11 0 
3625821411 3727834411 42 4 0 
99338875 99338873 118 2 0 
903645890 903645889 42 11 0 
99009288 99009290 20 11 0 
3528256971 1244169013 8 3 0 
1230145243 1287456539 16 11 0 
2095388291 99265887 3 2 0 
3139607089 99147129 32 11 0 
99127332 99127330 28 11 0 
99073409 99073415 8 5 0 
459587459 459587466 12 11 0 
3574518213 3574518214 4 1 0 
1389591379 1389591260 25 3 0 
99195800 99195798 13 11 0 
2004969658 1420619592 18 11 0 
3137493254 3703574542 3 1 0 
384018189 99220860 53 11 0 
3164632380 99004008 21 5 0 
99385827 99385825 5 3 0 
3590654288 99101005 5 2 0 
99257770 99257767 11 11 0 
99332135 99332134 30 11 0 
2095614724 99292151 8 5 0 
604136888 1635434887 11 11 0 
99068176 99351341 39 11 0 
459810336 99043650 5 4 0 
3705485834 3705485836 36 11 0 
12 10 100
3451745552 3451745551 41 1 0 
99116712 4011419061 37 12 0 
2030087642 2030087629 2 0 0 
99060424 99220918 34 12 0 
99320422 99320419 7 5 0 
99115379 1828212627 61 12 0 
3704993889 3704993883 17 9 0 
2067659936 624943784 11 6 0 
544789369 544789370 53 5 0 
99289561 99285228 22 12 0 
462196268 99008103 7 1 0 
466110391 466109340 16 12 0 
2014773028 99221417 19 12 0 
99292685 99287608 30 12 0 
3041390119 3041390118 22 8 0 
99105385 99003855 16 6 0 
99079545 99079541 14 12 0 
1423648930 1423648854 27 12 0 
99115214 99115213 12 7 0 
99110066 99110064 12 12 0 
99194045 99194042 27 12 0 
3159199665 3159199664 12 3 0 
99090595 99090593 35 12 0 
624983793 614997356 15 5 0 
1116155483 99018151 8 3 0 
99068367 99068365 33 12 0 
99042227 466070287 10 1 0 
1079360462 1079360133 8 0 0 
460867040 99022276 15 12 0 
99331340 2888234625 10 4 0 
99180654 99090060 46 12 0 
2849740233 99266697 42 12 0 
3705465991 99247560 35 12 0 
2151443929 99083439 5 0 0 
99207968 99158078 57 12 0 
2196936845 99108262 22 12 0 
544789003 99127219 18 12 0 
99144444 99102420 83 12 0 
99152905 99085987 27 12 0 
99279209 99122697 67 12 0 
968365902 99306988 14 12 0 
2067659756 2067659762 6 2 0 
3258497164 3258497163 23 12 0 
1945115487 99193871 12 3 0 
463246678 463246681 17 12 0 
99065742 99065744 10 4 0 
3053747849 3053747855 6 5 0 
1327310993 1327311015 11 2 0 
99442867 99442866 7 2 0 
99370302 1617350997 16 3 0 
99125658 2014554008 95 12 0 
99321170 99134033 51 12 0 
99162703 99041349 37 1 0 
2095614752 99124448 12 12 0 
3616102882 3616102880 12 1 0 
2908244359 2908244361 16 12 0 
3041351173 3041351172 14 6 0 
99340552 99340553 36 12 0 
2701181517 2701181710 20 12 0 
2117349546 2117349540 5 3 0 
99128424 99128426 32 12 0 
98984404 1328250857 46 12 0 
624945379 99016626 7 5 0 
3905551900 3905551901 15 6 0 
3081400917 3081400918 6 1 0 
2719568869 2719568868 2 2 0 
2027923935 2027923946 2 0 0 
99270015 99087388 32 12 0 
3881263518 3881263517 18 0 0 
3640952804 3640952819 27 3 0 
1935171576 1935171572 2 0 0 
3712727432 1116403112 16 12 0 
99036061 99030142 46 12 0 
3625821411 3727834411 42 5 0 
99338875 99338873 118 3 0 
903645890 903645889 42 12 0 
99009288 99009290 20 12 0 
3528256971 1244169013 8 4 0 
1230145243 1287456539 16 12 0 
2095388291 99265887 3 3 0 
3139607089 99147129 32 12 0 
99127332 99127330 28 12 0 
99073409 99073415 8 6 0 
459587459 459587466 12 12 0 
3574518213 3574518214 4 2 0 
1389591379 1389591260 25 4 0 
99195800 99195798 13 12 0 
2004969658 1420619592 18 12 0 
3137493254 3703574542 3 2 0 
384018189 99220860 53 12 0 
3164632380 99004008 21 6 0 
99385827 99385825 5 4 0 
3590654288 99101005 5 3 0 
99257767 99257765 17 0 0 
99332135 99332134 30 12 0 
2095614724 99292151 8 6 0 
1635434887 1635434911 3 0 0 
99068176 99351341 39 12 0 
459810336 99043650 5 5 0 
3705485834 3705485836 36 12 0 
13 10 100
3451745552 3451745551 41 2 0 
99116712 4011419061 37 13 0 
2030087642 2030087629 2 1 0 
99060424 99220918 34 13 0 
99320422 99320419 7 6 0 
99115379 1828212627 61 13 0 
3704993889 3704993883 17 10 0 
2067659936 624943784 11 7 0 
544789369 544789370 53 6 0 
99289561 99285228 22 13 0 
462196268 99008103 7 2 0 
466110391 466109340 16 13 0 
2014773028 99221417 19 13 0 
99292685 99287608 30 13 0 
3041390119 3041390118 22 9 0 
99105385 99003855 16 7 0 
99079545 99079541 14 13 0 
1423648930 1423648854 27 13 0 
99115214 99115213 12 8 0 
99110064 99110061 36 0 0 
99194045 99194042 27 13 0 
3159199665 3159199664 12 4 0 
99090595 99090593 35 13 0 
624983793 614997356 15 6 0 
1116155483 99018151 8 4 0 
99068367 99068365 33 13 0 
99042227 466070287 10 2 0 
1079360462 1079360133 8 1 0 
460867040 99022276 15 13 0 
99331340 2888234625 10 5 0 
99180654 99090060 46 13 0 
2849740233 99266697 42 13 0 
3705465991 99247560 35 13 0 
2151443929 99083439 5 1 0 
99207968 99158078 57 13 0 
2196936845 99108262 22 13 0 
544789003 99127219 18 13 0 
99144444 99102420 83 13 0 
99152905 99085987 27 13 0 
99279209 99122697 67 13 0 
968365902 99306988 14 13 0 
2067659756 2067659762 6 3 0 
3258497164 3258497163 23 13 0 
1945115487 99193871 12 4 0 
463246678 463246681 17 13 0 
99065742 99065744 10 5 0 
3053747849 3053747855 6 6 0 
1327310993 1327311015 11 3 0 
99442867 99442866 7 3 0 
99370302 1617350997 16 4 0 
99125658 2014554008 95 13 0 
99321170 99134033 51 13 0 
99162703 99041349 37 2 0 
99124448 2095614755 6 0 0 
3616102882 3616102880 12 2 0 
2908244359 2908244361 16 13 0 
3041351173 3041351172 14 7 0 
99340552 99340553 36 13 0 
2701181517 2701181710 20 13 0 
2117349546 2117349540 5 4 0 
99128424 99128426 32 13 0 
98984404 1328250857 46 13 0 
624945379 99016626 7 6 0 
3905551900 3905551901 15 7 0 
3081400917 3081400918 6 2 0 
2719568868 2637835719 2 0 0 
2027923935 2027923946 2 1 0 
99270015 99087388 32 13 0 
3881263518 3881263517 18 1 0 
3640952804 3640952819 27 4 0 
1935171576 1935171572 2 1 0 
3712727432 1116403112 16 13 0 
99036061 99030142 46 13 0 
3625821411 3727834411 42 6 0 
99338875 99338873 118 4 0 
903645890 903645889 42 13 0 
99009288 99009290 20 13 0 
3528256971 1244169013 8 5 0 
1230145243 1287456539 16 13 0 
99265887 2095388292 3 0 0 
3139607089 99147129 32 13 0 
99127332 99127330 28 13 0 
99073409 99073415 8 7 0 
459587466 3416162253 8 0 0 
3574518213 3574518214 4 3 0 
1389591379 1389591260 25 5 0 
99195800 99195798 13 13 0 
2004969658 1420619592 18 13 0 
3137493254 3703574542 3 3 0 
384018189 99220860 53 13 0 
3164632380 99004008 21 7 0 
99385827 99385825 5 5 0 
3590654288 99101005 5 4 0 
99257767 99257765 17 1 0 
99332135 99332134 30 13 0 
2095614724 99292151 8 7 0 
1635434887 1635434911 3 1 0 
99068176 99351341 39 13 0 
99043650 99043652 5 0 0 
3705485834 3705485836 36 13 0 
14 10 100
3451745552 3451745551 41 3 0 
99116712 4011419061 37 14 0 
2030087642 2030087629 2 2 0 
99060424 99220918 34 14 0 
99320422 99320419 7 7 0 
99115379 1828212627 61 14 0 
3704993889 3704993883 17 11 0 
2067659936 624943784 11 8 0 
544789369 544789370 53 7 0 
99289561 99285228 22 14 0 
462196268 99008103 7 3 0 
466110391 466109340 16 14 0 
2014773028 99221417 19 14 0 
99292685 99287608 30 14 0 
3041390119 3041390118 22 10 0 
99105385 99003855 16 8 0 
99079545 99079541 14 14 0 
1423648930 1423648854 27 14 0 
99115214 99115213 12 9 0 
99110064 99110061 36 1 0 
99194045 99194042 27 14 0 
3159199665 3159199664 12 5 0 
99090595 99090593 35 14 0 
624983793 614997356 15 7 0 
1116155483 99018151 8 5 0 
99068367 99068365 33 14 0 
99042227 466070287 10 3 0 
1079360462 1079360133 8 2 0 
460867040 99022276 15 14 0 
99331340 2888234625 10 6 0 
99180654 99090060 46 14 0 
2849740233 99266697 42 14 0 
3705465991 99247560 35 14 0 
2151443929 99083439 5 2 0 
99207968 99158078 57 14 0 
2196936845 99108262 22 14 0 
544789003 99127219 18 14 0 
99144444 99102420 83 14 0 
99152905 99085987 27 14 0 
99279209 99122697 67 14 0 
968365902 99306988 14 14 0 
2067659756 2067659762 6 4 0 
3258497164 3258497163 23 14 0 
1945115487 99193871 12 5 0 
463246678 463246681 17 14 0 
99065742 99065744 10 6 0 
3053747855 3053740718 21 0 0 
1327310993 1327311015 11 4 0 
99442867 99442866 7 4 0 
99370302 1617350997 16 5 0 
99125658 2014554008 95 14 0 
99321170 99134033 51 14 0 
99162703 99041349 37 3 0 
99124448 2095614755 6 1 0 
3616102882 3616102880 12 3 0 
2908244359 2908244361 16 14 0 
3041351173 3041351172 14 8 0 
99340552 99340553 36 14 0 
2701181517 2701181710 20 14 0 
2117349546 2117349540 5 5 0 
99128424 99128426 32 14 0 
98984404 1328250857 46 14 0 
624945379 99016626 7 7 0 
3905551900 3905551901 15 8 0 
3081400917 3081400918 6 3 0 
2719568868 2637835719 2 1 0 
2027923935 2027923946 2 2 0 
99270015 99087388 32 14 0 
3881263518 3881263517 18 2 0 
3640952804 3640952819 27 5 0 
1935171576 1935171572 2 2 0 
3712727432 1116403112 16 14 0 
99036061 99030142 46 14 0 
3625821411 3727834411 42 7 0 
99338875 99338873 118 5 0 
903645890 903645889 42 14 0 
99009288 99009290 20 14 0 
3528256971 1244169013 8 6 0 
1230145243 1287456539 16 14 0 
99265887 2095388292 3 1 0 
3139607089 99147129 32 14 0 
99127332 99127330 28 14 0 
99073409 99073415 8 8 0 
459587466 3416162253 8 1 0 
3574518213 3574518214 4 4 0 
1389591379 1389591260 25 6 0 
99195798 99195797 11 0 0 
2004969658 1420619592 18 14 0 
3703574542 3703574543 5 0 0 
384018189 99220860 53 14 0 
3164632380 99004008 21 8 0 
99385825 99385823 4 0 0 
3590654288 99101005 5 5 0 
99257767 99257765 17 2 0 
99332135 99332134 30 14 0 
2095614724 99292151 8 8 0 
1635434887 1635434911 3 2 0 
99068176 99351341 39 14 0 
99043650 99043652 5 1 0 
3705485834 3705485836 36 14 0 
15 10 100
3451745552 3451745551 41 4 0 
99116712 4011419061 37 15 0 
2030087629 2030087618 2 0 0 
99060424 99220918 34 15 0 
99320419 99202867 8 0 0 
99115379 1828212627 61 15 0 
3704993889 3704993883 17 12 0 
2067659936 624943784 11 9 0 
544789369 544789370 53 8 0 
99289561 99285228 22 15 0 
462196268 99008103 7 4 0 
466110391 466109340 16 15 0 
2014773028 99221417 19 15 0 
99292685 99287608 30 15 0 
3041390119 3041390118 22 11 0 
99105385 99003855 16 9 0 
99079541 99079540 26 0 0 
1423648930 1423648854 27 15 0 
99115214 99115213 12 10 0 
99110064 99110061 36 2 0 
99194045 99194042 27 15 0 
3159199665 3159199664 12 6 0 
99090595 99090593 35 15 0 
624983793 614997356 15 8 0 
1116155483 99018151 8 6 0 
99068367 99068365 33 15 0 
99042227 466070287 10 4 0 
1079360462 1079360133 8 3 0 
460867040 99022276 15 15 0 
99331340 2888234625 10 7 0 
99180654 99090060 46 15 0 
2849740233 99266697 42 15 0 
3705465991 99247560 35 15 0 
2151443929 99083439 5 3 0 
99207968 99158078 57 15 0 
2196936845 99108262 22 15 0 
544789003 99127219 18 15 0 
99144444 99102420 83 15 0 
99152905 99085987 27 15 0 
99279209 99122697 67 15 0 
99306988 99404138 4 0 0 
2067659756 2067659762 6 5 0 
3258497164 3258497163 23 15 0 
1945115487 99193871 12 6 0 
463246678 463246681 17 15 0 
99065742 99065744 10 7 0 
3053747855 3053740718 21 1 0 
1327310993 1327311015 11 5 0 
99442867 99442866 7 5 0 
99370302 1617350997 16 6 0 
99125658 2014554008 95 15 0 
99321170 99134033 51 15 0 
99162703 99041349 37 4 0 
99124448 2095614755 6 2 0 
3616102882 3616102880 12 4 0 
2908244359 2908244361 16 15 0 
3041351173 3041351172 14 9 0 
99340552 99340553 36 15 0 
2701181517 2701181710 20 15 0 
2117349540 2117349538 1 0 0 
99128424 99128426 32 15 0 
98984404 1328250857 46 15 0 
99016626 99016630 7 0 0 
3905551900 3905551901 15 9 0 
3081400917 3081400918 6 4 0 
2719568868 2637835719 2 2 0 
2027923946 2027923950 3 0 0 
99270015 99087388 32 15 0 
3881263518 3881263517 18 3 0 
3640952804 3640952819 27 6 0 
1935171572 1935171616 2 0 0 
3712727432 1116403112 16 15 0 
99036061 99030142 46 15 0 
3625821411 3727834411 42 8 0 
99338875 99338873 118 6 0 
903645890 903645889 42 15 0 
99009288 99009290 20 15 0 
3528256971 1244169013 8 7 0 
1230145243 1287456539 16 15 0 
99265887 2095388292 3 2 0 
3139607089 99147129 32 15 0 
99127332 99127330 28 15 0 
99073415 99073419 8 0 0 
459587466 3416162253 8 2 0 
3574518214 3052990011 6 0 0 
1389591379 1389591260 25 7 0 
99195798 99195797 11 1 0 
2004969658 1420619592 18 15 0 
3703574542 3703574543 5 1 0 
384018189 99220860 53 15 0 
3164632380 99004008 21 9 0 
99385825 99385823 4 1 0 
99101005 99101020 7 0 0 
99257767 99257765 17 3 0 
99332135 99332134 30 15 0 
99292151 2095614710 23 0 0 
1635434887 1635434911 3 3 0 
99068176 99351341 39 15 0 
99043650 99043652 5 2 0 
3705485834 3705485836 36 15 0 
16 10 100
3451745552 3451745551 41 5 0 
99116712 4011419061 37 16 0 
2030087629 2030087618 2 1 0 
99060424 99220918 34 16 0 
99320419 99202867 8 1 0 
99115379 1828212627 61 16 0 
3704993889 3704993883 17 13 0 
2067659936 624943784 11 10 0 
544789369 544789370 53 9 0 
99289561 99285228 22 16 0 
462196268 99008103 7 5 0 
466110391 466109340 16 16 0 
2014773028 99221417 19 16 0 
99292685 99287608 30 16 0 
3041390119 3041390118 22 12 0 
99105385 99003855 16 10 0 
99079541 99079540 26 1 0 
1423648930 1423648854 27 16 0 
99115214 99115213 12 11 0 
99110064 99110061 36 3 0 
99194045 99194042 27 16 0 
3159199665 3159199664 12 7 0 
99090595 99090593 35 16 0 
624983793 614997356 15 9 0 
1116155483 99018151 8 7 0 
99068367 99068365 33 16 0 
99042227 466070287 10 5 0 
1079360462 1079360133 8 4 0 
99022276 99022278 11 0 0 
99331340 2888234625 10 8 0 
99180654 99090060 46 16 0 
2849740233 99266697 42 16 0 
3705465991 99247560 35 16 0 
2151443929 99083439 5 4 0 
99207968 99158078 57 16 0 
2196936845 99108262 22 16 0 
544789003 99127219 18 16 0 
99144444 99102420 83 16 0 
99152905 99085987 27 16 0 
99279209 99122697 67 16 0 
99306988 99404138 4 1 0 
2067659756 2067659762 6 6 0 
3258497164 3258497163 23 16 0 
1945115487 99193871 12 7 0 
463246678 463246681 17 16 0 
99065742 99065744 10 8 0 
3053747855 3053740718 21 2 0 
1327310993 1327311015 11 6 0 
99442867 99442866 7 6 0 
99370302 1617350997 16 7 0 
99125658 2014554008 95 16 0 
99321170 99134033 51 16 0 
99162703 99041349 37 5 0 
99124448 2095614755 6 3 0 
3616102882 3616102880 12 5 0 
2908244359 2908244361 16 16 0 
3041351173 3041351172 14 10 0 
99340552 99340553 36 16 0 
2701181517 2701181710 20 16 0 
2117349540 2117349538 1 1 0 
99128424 99128426 32 16 0 
98984404 1328250857 46 16 0 
99016626 99016630 7 1 0 
3905551900 3905551901 15 10 0 
3081400917 3081400918 6 5 0 
2637835719 2637835717 11 0 0 
2027923946 2027923950 3 1 0 
99270015 99087388 32 16 0 
3881263518 3881263517 18 4 0 
3640952804 3640952819 27 7 0 
1935171572 1935171616 2 1 0 
3712727432 1116403112 16 16 0 
99036061 99030142 46 16 0 
3625821411 3727834411 42 9 0 
99338875 99338873 118 7 0 
903645890 903645889 42 16 0 
99009288 99009290 20 16 0 
3528256971 1244169013 8 8 0 
1230145243 1287456539 16 16 0 
99265887 2095388292 3 3 0 
3139607089 99147129 32 16 0 
99127332 99127330 28 16 0 
99073415 99073419 8 1 0 
459587466 3416162253 8 3 0 
3574518214 3052990011 6 1 0 
1389591379 1389591260 25 8 0 
99195798 99195797 11 2 0 
2004969658 1420619592 18 16 0 
3703574542 3703574543 5 2 0 
384018189 99220860 53 16 0 
3164632380 99004008 21 10 0 
99385825 99385823 4 2 0 
99101005 99101020 7 1 0 
99257767 99257765 17 4 0 
99332135 99332134 30 16 0 
99292151 2095614710 23 1 0 
1635434911 1635434909 2 0 0 
99068176 99351341 39 16 0 
99043650 99043652 5 3 0 
3705485834 3705485836 36 16 0 
17 10 100
3451745552 3451745551 41 6 0 
99116712 4011419061 37 17 0 
2030087629 2030087618 2 2 0 
99060424 99220918 34 17 0 
99320419 99202867 8 2 0 
99115379 1828212627 61 17 0 
3704993889 3704993883 17 14 0 
2067659936 624943784 11 11 0 
544789369 544789370 53 10 0 
99289561 99285228 22 17 0 
462196268 99008103 7 6 0 
466109340 466139117 13 0 0 
2014773028 99221417 19 17 0 
99292685 99287608 30 17 0 
3041390119 3041390118 22 13 0 
99105385 99003855 16 11 0 
99079541 99079540 26 2 0 
1423648930 1423648854 27 17 0 
99115214 99115213 12 12 0 
99110064 99110061 36 4 0 
99194045 99194042 27 17 0 
3159199665 3159199664 12 8 0 
99090595 99090593 35 17 0 
624983793 614997356 15 10 0 
1116155483 99018151 8 8 0 
99068367 99068365 33 17 0 
99042227 466070287 10 6 0 
1079360462 1079360133 8 5 0 
99022276 99022278 11 1 0 
99331340 2888234625 10 9 0 
99180654 99090060 46 17 0 
2849740233 99266697 42 17 0 
3705465991 99247560 35 17 0 
2151443929 99083439 5 5 0 
99207968 99158078 57 17 0 
2196936845 99108262 22 17 0 
544789003 99127219 18 17 0 
99144444 99102420 83 17 0 
99152905 99085987 27 17 0 
99279209 99122697 67 17 0 
99306988 99404138 4 2 0 
2067659762 2067659769 9 0 0 
3258497164 3258497163 23 17 0 
1945115487 99193871 12 8 0 
463246678 463246681 17 17 0 
99065742 99065744 10 9 0 
3053747855 3053740718 21 3 0 
1327310993 1327311015 11 7 0 
99442867 99442866 7 7 0 
99370302 1617350997 16 8 0 
99125658 2014554008 95 17 0 
99321170 99134033 51 17 0 
99162703 99041349 37 6 0 
99124448 2095614755 6 4 0 
3616102882 3616102880 12 6 0 
2908244361 99161523 7 0 0 
3041351173 3041351172 14 11 0 
99340552 99340553 36 17 0 
2701181517 2701181710 20 17 0 
2117349538 2117349536 2 0 0 
99128424 99128426 32 17 0 
98984404 1328250857 46 17 0 
99016626 99016630 7 2 0 
3905551900 3905551901 15 11 0 
3081400917 3081400918 6 6 0 
2637835719 2637835717 11 1 0 
2027923946 2027923950 3 2 0 
99270015 99087388 32 17 0 
3881263518 3881263517 18 5 0 
3640952804 3640952819 27 8 0 
1935171572 1935171616 2 2 0 
1116403112 1116403114 28 0 0 
99036061 99030142 46 17 0 
3625821411 3727834411 42 10 0 
99338875 99338873 118 8 0 
903645890 903645889 42 17 0 
99009288 99009290 20 17 0 
1244169013 3528257004 8 0 0 
1287456539 1282579464 13 0 0 
2095388292 2095388293 15 0 0 
3139607089 99147129 32 17 0 
99127332 99127330 28 17 0 
99073415 99073419 8 2 0 
459587466 3416162253 8 4 0 
3574518214 3052990011 6 2 0 
1389591379 1389591260 25 9 0 
99195798 99195797 11 3 0 
2004969658 1420619592 18 17 0 
3703574542 3703574543 5 3 0 
384018189 99220860 53 17 0 
3164632380 99004008 21 11 0 
99385825 99385823 4 3 0 
99101005 99101020 7 2 0 
99257767 99257765 17 5 0 
99332135 99332134 30 17 0 
99292151 2095614710 23 2 0 
1635434911 1635434909 2 1 0 
99068176 99351341 39 17 0 
99043650 99043652 5 4 0 
3705485834 3705485836 36 17 0 
18 10 100
3451745552 3451745551 41 7 0 
99116712 4011419061 37 18 0 
2030087618 2030087615 2 0 0 
99060424 99220918 34 18 0 
99320419 99202867 8 3 0 
99115379 1828212627 61 18 0 
3704993889 3704993883 17 15 0 
624943784 99028730 27 0 0 
544789369 544789370 53 11 0 
99289561 99285228 22 18 0 
462196268 99008103 7 7 0 
466109340 466139117 13 1 0 
2014773028 99221417 19 18 0 
99292685 99287608 30 18 0 
3041390119 3041390118 22 14 0 
99105385 99003855 16 12 0 
99079541 99079540 26 3 0 
1423648930 1423648854 27 18 0 
99115213 99224414 59 0 0 
99110064 99110061 36 5 0 
99194045 99194042 27 18 0 
3159199665 3159199664 12 9 0 
99090595 99090593 35 18 0 
624983793 614997356 15 11 0 
99018151 99018149 73 0 0 
99068367 99068365 33 18 0 
99042227 466070287 10 7 0 
1079360462 1079360133 8 6 0 
99022276 99022278 11 2 0 
99331340 2888234625 10 10 0 
99180654 99090060 46 18 0 
2849740233 99266697 42 18 0 
3705465991 99247560 35 18 0 
99083439 99189775 69 0 0 
99207968 99158078 57 18 0 
2196936845 99108262 22 18 0 
544789003 99127219 18 18 0 
99144444 99102420 83 18 0 
99152905 99085987 27 18 0 
99279209 99122697 67 18 0 
99306988 99404138 4 3 0 
2067659762 2067659769 9 1 0 
3258497164 3258497163 23 18 0 
1945115487 99193871 12 9 0 
463246681 1738845622 19 0 0 
99065742 99065744 10 10 0 
3053747855 3053740718 21 4 0 
1327310993 1327311015 11 8 0 
99442866 99442865 10 0 0 
99370302 1617350997 16 9 0 
99125658 2014554008 95 18 0 
99321170 99134033 51 18 0 
99162703 99041349 37 7 0 
99124448 2095614755 6 5 0 
3616102882 3616102880 12 7 0 
2908244361 99161523 7 1 0 
3041351173 3041351172 14 12 0 
99340552 99340553 36 18 0 
2701181517 2701181710 20 18 0 
2117349538 2117349536 2 1 0 
99128424 99128426 32 18 0 
98984404 1328250857 46 18 0 
99016626 99016630 7 3 0 
3905551900 3905551901 15 12 0 
3081400918 2172566901 8 0 0 
2637835719 2637835717 11 2 0 
2027923946 2027923950 3 3 0 
99270015 99087388 32 18 0 
3881263518 3881263517 18 6 0 
3640952804 3640952819 27 9 0 
1935171616 1935171630 2 0 0 
1116403112 1116403114 28 1 0 
99036061 99030142 46 18 0 
3625821411 3727834411 42 11 0 
99338875 99338873 118 9 0 
903645890 903645889 42 18 0 
99009288 99009290 20 18 0 
1244169013 3528257004 8 1 0 
1287456539 1282579464 13 1 0 
2095388292 2095388293 15 1 0 
3139607089 99147129 32 18 0 
99127332 99127330 28 18 0 
99073415 99073419 8 3 0 
459587466 3416162253 8 5 0 
3574518214 3052990011 6 3 0 
1389591379 1389591260 25 10 0 
99195798 99195797 11 4 0 
2004969658 1420619592 18 18 0 
3703574542 3703574543 5 4 0 
384018189 99220860 53 18 0 
3164632380 99004008 21 12 0 
99385825 99385823 4 4 0 
99101005 99101020 7 3 0 
99257767 99257765 17 6 0 
99332135 99332134 30 18 0 
99292151 2095614710 23 3 0 
1635434911 1635434909 2 2 0 
99068176 99351341 39 18 0 
99043650 99043652 5 5 0 
3705485834 3705485836 36 18 0 
