1 10 100
4063222713 89072006 5 1 0 
1737705479 2741603247 7 1 0 
3962085714 3962085711 10 1 0 
2227003575 2227195797 2 1 0 
3037351222 3983005364 20 1 0 
903927361 1400539437 25 1 0 
294178001 294178000 11 1 0 
290473311 290473310 39 1 0 
3932286778 3164484232 8 1 0 
1547619716 451763057 27 1 0 
2421617752 2421617751 3 1 0 
1122658006 1122695368 74 1 0 
1867621084 30738605 14 1 0 
3306442537 3306442539 9 1 0 
94714154 94714153 128 1 0 
484174186 484174185 18 1 0 
91779017 91779033 151 1 0 
3157461820 1232458364 2 1 0 
1260104991 271182626 6 1 0 
280237022 270336415 8 1 0 
52679539 448748960 8 1 0 
683592221 278496597 2 1 0 
98042954 4177781546 5 1 0 
1773416152 1773416145 3 1 0 
1292277963 1560225690 10 1 0 
462000664 462000614 2 1 0 
438950569 438950568 4 1 0 
251698969 510690935 22 1 0 
482684214 482684211 52 1 0 
266838782 266838781 12 1 0 
2687646269 27446599 7 1 0 
443954886 2481850156 11 1 0 
2463319275 2463319271 8 1 0 
3978887334 3978887333 6 1 0 
311865090 311865421 69 1 0 
1766711441 1766711445 8 1 0 
706465815 706465754 33 1 0 
1960865931 1960865929 5 1 0 
2790280683 2186256978 8 1 0 
1544679892 2062722131 12 1 0 
303803189 1020242445 32 1 0 
2506214836 2506214834 14 1 0 
321605461 321605460 10 1 0 
63041086 63035175 39 1 0 
3127209139 3955524194 19 1 0 
450100895 450097316 14 1 0 
728919097 728919002 35 1 0 
3739781264 277674470 6 1 0 
281898651 281898655 45 1 0 
251895477 679683275 28 1 0 
253463996 253463792 5 1 0 
313098049 313098048 12 1 0 
1278705414 1271841753 8 1 0 
736712694 736712642 24 1 0 
63045789 63040005 44 1 0 
29723796 1529981223 28 1 0 
2346494034 2346494033 5 1 0 
650211810 650211807 13 1 0 
513110407 513110408 23 1 0 
88845532 276512107 17 1 0 
1379262972 33061465 4 1 0 
264113494 2843654641 4 1 0 
1735671059 1735671057 6 1 0 
1263521409 1263520343 24 1 0 
445182324 417120269 10 1 0 
40421822 40421815 4 1 0 
250072061 250072064 23 1 0 
2283313978 2283313976 2 1 0 
2204593685 2205912696 32 1 0 
260627789 260627788 14 1 0 
1226835707 1226835706 4 1 0 
262144731 3524354426 95 1 0 
247180241 247180240 133 1 0 
2400917933 2400917934 64 1 0 
288753495 288753487 40 1 0 
3979325563 3979325568 8 1 0 
85409830 411724190 7 1 0 
2799824608 2799823498 10 1 0 
3452218366 288378696 3 1 0 
1107994840 1107997459 143 1 0 
3660348595 3660348592 5 1 0 
309556188 309555980 17 1 0 
3636734247 3636734249 15 1 0 
1915363083 1915363166 3 1 0 
1885263508 1885263510 49 1 0 
4113488400 30590280 11 1 0 
3257842675 1591359193 18 1 0 
1623515352 1623515357 1 1 0 
597621456 94947121 30 1 0 
305304747 305304746 14 1 0 
3130840278 3437654001 4 1 0 
247948533 810241920 31 1 0 
1612182082 260463729 7 1 0 
1077028332 3183883873 10 1 0 
2895398419 2895398418 15 1 0 
3410441864 2832288544 14 1 0 
1288355369 1288355366 6 1 0 
3780214863 3780214861 8 1 0 
2906143408 2906142214 18 1 0 
883073576 883073573 22 1 0 
2 10 100
4063222713 89072006 5 2 0 
1737705479 2741603247 7 2 0 
3962085714 3962085711 10 2 0 
2227003575 2227195797 2 2 0 
3037351222 3983005364 20 2 0 
903927361 1400539437 25 2 0 
294178001 294178000 11 2 0 
290473311 290473310 39 2 0 
3932286778 3164484232 8 2 0 
1547619716 451763057 27 2 0 
2421617752 2421617751 3 2 0 
1122658006 1122695368 74 2 0 
1867621084 30738605 14 2 0 
3306442537 3306442539 9 2 0 
94714154 94714153 128 2 0 
484174186 484174185 18 2 0 
91779017 91779033 151 2 0 
3157461820 1232458364 2 2 0 
1260104991 271182626 6 2 0 
280237022 270336415 8 2 0 
52679539 448748960 8 2 0 
683592221 278496597 2 2 0 
98042954 4177781546 5 2 0 
1773416152 1773416145 3 2 0 
1292277963 1560225690 10 2 0 
462000664 462000614 2 2 0 
438950569 438950568 4 2 0 
251698969 510690935 22 2 0 
482684214 482684211 52 2 0 
266838782 266838781 12 2 0 
2687646269 27446599 7 2 0 
443954886 2481850156 11 2 0 
2463319275 2463319271 8 2 0 
3978887334 3978887333 6 2 0 
311865090 311865421 69 2 0 
1766711441 1766711445 8 2 0 
706465815 706465754 33 2 0 
1960865931 1960865929 5 2 0 
2790280683 2186256978 8 2 0 
1544679892 2062722131 12 2 0 
303803189 1020242445 32 2 0 
2506214836 2506214834 14 2 0 
321605461 321605460 10 2 0 
63041086 63035175 39 2 0 
3127209139 3955524194 19 2 0 
450100895 450097316 14 2 0 
728919097 728919002 35 2 0 
3739781264 277674470 6 2 0 
281898651 281898655 45 2 0 
251895477 679683275 28 2 0 
253463996 253463792 5 2 0 
313098049 313098048 12 2 0 
1278705414 1271841753 8 2 0 
736712694 736712642 24 2 0 
63045789 63040005 44 2 0 
29723796 1529981223 28 2 0 
2346494034 2346494033 5 2 0 
650211810 650211807 13 2 0 
513110407 513110408 23 2 0 
88845532 276512107 17 2 0 
1379262972 33061465 4 2 0 
264113494 2843654641 4 2 0 
1735671059 1735671057 6 2 0 
1263521409 1263520343 24 2 0 
445182324 417120269 10 2 0 
40421822 40421815 4 2 0 
250072061 250072064 23 2 0 
2283313978 2283313976 2 2 0 
2204593685 2205912696 32 2 0 
260627789 260627788 14 2 0 
1226835707 1226835706 4 2 0 
262144731 3524354426 95 2 0 
247180241 247180240 133 2 0 
2400917933 2400917934 64 2 0 
288753495 288753487 40 2 0 
3979325563 3979325568 8 2 0 
85409830 411724190 7 2 0 
2799824608 2799823498 10 2 0 
3452218366 288378696 3 2 0 
1107994840 1107997459 143 2 0 
3660348595 3660348592 5 2 0 
309556188 309555980 17 2 0 
3636734247 3636734249 15 2 0 
1915363083 1915363166 3 2 0 
1885263508 1885263510 49 2 0 
4113488400 30590280 11 2 0 
3257842675 1591359193 18 2 0 
1623515357 1623515360 2 0 0 
597621456 94947121 30 2 0 
305304747 305304746 14 2 0 
3130840278 3437654001 4 2 0 
247948533 810241920 31 2 0 
1612182082 260463729 7 2 0 
1077028332 3183883873 10 2 0 
2895398419 2895398418 15 2 0 
3410441864 2832288544 14 2 0 
1288355369 1288355366 6 2 0 
3780214863 3780214861 8 2 0 
2906143408 2906142214 18 2 0 
883073576 883073573 22 2 0 
3 10 100
4063222713 89072006 5 3 0 
1737705479 2741603247 7 3 0 
3962085714 3962085711 10 3 0 
2227195797 2227242255 2 0 0 
3037351222 3983005364 20 3 0 
903927361 1400539437 25 3 0 
294178001 294178000 11 3 0 
290473311 290473310 39 3 0 
3932286778 3164484232 8 3 0 
1547619716 451763057 27 3 0 
2421617752 2421617751 3 3 0 
1122658006 1122695368 74 3 0 
1867621084 30738605 14 3 0 
3306442537 3306442539 9 3 0 
94714154 94714153 128 3 0 
484174186 484174185 18 3 0 
91779017 91779033 151 3 0 
1232458364 853671006 4 0 0 
1260104991 271182626 6 3 0 
280237022 270336415 8 3 0 
52679539 448748960 8 3 0 
278496597 683592220 2 0 0 
98042954 4177781546 5 3 0 
1773416152 1773416145 3 3 0 
1292277963 1560225690 10 3 0 
462000614 462000613 11 0 0 
438950569 438950568 4 3 0 
251698969 510690935 22 3 0 
482684214 482684211 52 3 0 
266838782 266838781 12 3 0 
2687646269 27446599 7 3 0 
443954886 2481850156 11 3 0 
2463319275 2463319271 8 3 0 
3978887334 3978887333 6 3 0 
311865090 311865421 69 3 0 
1766711441 1766711445 8 3 0 
706465815 706465754 33 3 0 
1960865931 1960865929 5 3 0 
2790280683 2186256978 8 3 0 
1544679892 2062722131 12 3 0 
303803189 1020242445 32 3 0 
2506214836 2506214834 14 3 0 
321605461 321605460 10 3 0 
63041086 63035175 39 3 0 
3127209139 3955524194 19 3 0 
450100895 450097316 14 3 0 
728919097 728919002 35 3 0 
3739781264 277674470 6 3 0 
281898651 281898655 45 3 0 
251895477 679683275 28 3 0 
253463996 253463792 5 3 0 
313098049 313098048 12 3 0 
1278705414 1271841753 8 3 0 
736712694 736712642 24 3 0 
63045789 63040005 44 3 0 
29723796 1529981223 28 3 0 
2346494034 2346494033 5 3 0 
650211810 650211807 13 3 0 
513110407 513110408 23 3 0 
88845532 276512107 17 3 0 
1379262972 33061465 4 3 0 
264113494 2843654641 4 3 0 
1735671059 1735671057 6 3 0 
1263521409 1263520343 24 3 0 
445182324 417120269 10 3 0 
40421822 40421815 4 3 0 
250072061 250072064 23 3 0 
2283313976 2283313984 15 0 0 
2204593685 2205912696 32 3 0 
260627789 260627788 14 3 0 
1226835707 1226835706 4 3 0 
262144731 3524354426 95 3 0 
247180241 247180240 133 3 0 
2400917933 2400917934 64 3 0 
288753495 288753487 40 3 0 
3979325563 3979325568 8 3 0 
85409830 411724190 7 3 0 
2799824608 2799823498 10 3 0 
3452218366 288378696 3 3 0 
1107994840 1107997459 143 3 0 
3660348595 3660348592 5 3 0 
309556188 309555980 17 3 0 
3636734247 3636734249 15 3 0 
1915363083 1915363166 3 3 0 
1885263508 1885263510 49 3 0 
4113488400 30590280 11 3 0 
3257842675 1591359193 18 3 0 
1623515357 1623515360 2 1 0 
597621456 94947121 30 3 0 
305304747 305304746 14 3 0 
3130840278 3437654001 4 3 0 
247948533 810241920 31 3 0 
1612182082 260463729 7 3 0 
1077028332 3183883873 10 3 0 
2895398419 2895398418 15 3 0 
3410441864 2832288544 14 3 0 
1288355369 1288355366 6 3 0 
3780214863 3780214861 8 3 0 
2906143408 2906142214 18 3 0 
883073576 883073573 22 3 0 
4 10 100
4063222713 89072006 5 4 0 
1737705479 2741603247 7 4 0 
3962085714 3962085711 10 4 0 
2227195797 2227242255 2 1 0 
3037351222 3983005364 20 4 0 
903927361 1400539437 25 4 0 
294178001 294178000 11 4 0 
290473311 290473310 39 4 0 
3932286778 3164484232 8 4 0 
1547619716 451763057 27 4 0 
2421617751 2421617743 6 0 0 
1122658006 1122695368 74 4 0 
1867621084 30738605 14 4 0 
3306442537 3306442539 9 4 0 
94714154 94714153 128 4 0 
484174186 484174185 18 4 0 
91779017 91779033 151 4 0 
1232458364 853671006 4 1 0 
1260104991 271182626 6 4 0 
280237022 270336415 8 4 0 
52679539 448748960 8 4 0 
278496597 683592220 2 1 0 
98042954 4177781546 5 4 0 
1773416145 1773416140 3 0 0 
1292277963 1560225690 10 4 0 
462000614 462000613 11 1 0 
438950569 438950568 4 4 0 
251698969 510690935 22 4 0 
482684214 482684211 52 4 0 
266838782 266838781 12 4 0 
2687646269 27446599 7 4 0 
443954886 2481850156 11 4 0 
2463319275 2463319271 8 4 0 
3978887334 3978887333 6 4 0 
311865090 311865421 69 4 0 
1766711441 1766711445 8 4 0 
706465815 706465754 33 4 0 
1960865931 1960865929 5 4 0 
2790280683 2186256978 8 4 0 
1544679892 2062722131 12 4 0 
303803189 1020242445 32 4 0 
2506214836 2506214834 14 4 0 
321605461 321605460 10 4 0 
63041086 63035175 39 4 0 
3127209139 3955524194 19 4 0 
450100895 450097316 14 4 0 
728919097 728919002 35 4 0 
3739781264 277674470 6 4 0 
281898651 281898655 45 4 0 
251895477 679683275 28 4 0 
253463996 253463792 5 4 0 
313098049 313098048 12 4 0 
1278705414 1271841753 8 4 0 
736712694 736712642 24 4 0 
63045789 63040005 44 4 0 
29723796 1529981223 28 4 0 
2346494034 2346494033 5 4 0 
650211810 650211807 13 4 0 
513110407 513110408 23 4 0 
88845532 276512107 17 4 0 
1379262972 33061465 4 4 0 
264113494 2843654641 4 4 0 
1735671059 1735671057 6 4 0 
1263521409 1263520343 24 4 0 
445182324 417120269 10 4 0 
40421822 40421815 4 4 0 
250072061 250072064 23 4 0 
2283313976 2283313984 15 1 0 
2204593685 2205912696 32 4 0 
260627789 260627788 14 4 0 
1226835707 1226835706 4 4 0 
262144731 3524354426 95 4 0 
247180241 247180240 133 4 0 
2400917933 2400917934 64 4 0 
288753495 288753487 40 4 0 
3979325563 3979325568 8 4 0 
85409830 411724190 7 4 0 
2799824608 2799823498 10 4 0 
288378696 288378703 14 0 0 
1107994840 1107997459 143 4 0 
3660348595 3660348592 5 4 0 
309556188 309555980 17 4 0 
3636734247 3636734249 15 4 0 
1915363166 1915363083 3 0 0 
1885263508 1885263510 49 4 0 
4113488400 30590280 11 4 0 
3257842675 1591359193 18 4 0 
1623515357 1623515360 2 2 0 
597621456 94947121 30 4 0 
305304747 305304746 14 4 0 
3130840278 3437654001 4 4 0 
247948533 810241920 31 4 0 
1612182082 260463729 7 4 0 
1077028332 3183883873 10 4 0 
2895398419 2895398418 15 4 0 
3410441864 2832288544 14 4 0 
1288355369 1288355366 6 4 0 
3780214863 3780214861 8 4 0 
2906143408 2906142214 18 4 0 
883073576 883073573 22 4 0 
5 10 100
4063222713 89072006 5 5 0 
1737705479 2741603247 7 5 0 
3962085714 3962085711 10 5 0 
2227195797 2227242255 2 2 0 
3037351222 3983005364 20 5 0 
903927361 1400539437 25 5 0 
294178001 294178000 11 5 0 
290473311 290473310 39 5 0 
3932286778 3164484232 8 5 0 
1547619716 451763057 27 5 0 
2421617751 2421617743 6 1 0 
1122658006 1122695368 74 5 0 
1867621084 30738605 14 5 0 
3306442537 3306442539 9 5 0 
94714154 94714153 128 5 0 
484174186 484174185 18 5 0 
91779017 91779033 151 5 0 
1232458364 853671006 4 2 0 
1260104991 271182626 6 5 0 
280237022 270336415 8 5 0 
52679539 448748960 8 5 0 
278496597 683592220 2 2 0 
98042954 4177781546 5 5 0 
1773416145 1773416140 3 1 0 
1292277963 1560225690 10 5 0 
462000614 462000613 11 2 0 
438950568 438950567 3 0 0 
251698969 510690935 22 5 0 
482684214 482684211 52 5 0 
266838782 266838781 12 5 0 
2687646269 27446599 7 5 0 
443954886 2481850156 11 5 0 
2463319275 2463319271 8 5 0 
3978887334 3978887333 6 5 0 
311865090 311865421 69 5 0 
1766711441 1766711445 8 5 0 
706465815 706465754 33 5 0 
1960865931 1960865929 5 5 0 
2790280683 2186256978 8 5 0 
1544679892 2062722131 12 5 0 
303803189 1020242445 32 5 0 
2506214836 2506214834 14 5 0 
321605461 321605460 10 5 0 
63041086 63035175 39 5 0 
3127209139 3955524194 19 5 0 
450100895 450097316 14 5 0 
728919097 728919002 35 5 0 
3739781264 277674470 6 5 0 
281898651 281898655 45 5 0 
251895477 679683275 28 5 0 
253463996 253463792 5 5 0 
313098049 313098048 12 5 0 
1278705414 1271841753 8 5 0 
736712694 736712642 24 5 0 
63045789 63040005 44 5 0 
29723796 1529981223 28 5 0 
2346494034 2346494033 5 5 0 
650211810 650211807 13 5 0 
513110407 513110408 23 5 0 
88845532 276512107 17 5 0 
33061465 1379262917 19 0 0 
2843654641 264113493 5 0 0 
1735671059 1735671057 6 5 0 
1263521409 1263520343 24 5 0 
445182324 417120269 10 5 0 
40421815 40421725 5 0 0 
250072061 250072064 23 5 0 
2283313976 2283313984 15 2 0 
2204593685 2205912696 32 5 0 
260627789 260627788 14 5 0 
1226835706 1260713106 13 0 0 
262144731 3524354426 95 5 0 
247180241 247180240 133 5 0 
2400917933 2400917934 64 5 0 
288753495 288753487 40 5 0 
3979325563 3979325568 8 5 0 
85409830 411724190 7 5 0 
2799824608 2799823498 10 5 0 
288378696 288378703 14 1 0 
1107994840 1107997459 143 5 0 
3660348595 3660348592 5 5 0 
309556188 309555980 17 5 0 
3636734247 3636734249 15 5 0 
1915363166 1915363083 3 1 0 
1885263508 1885263510 49 5 0 
4113488400 30590280 11 5 0 
3257842675 1591359193 18 5 0 
1623515360 1623515381 9 0 0 
597621456 94947121 30 5 0 
305304747 305304746 14 5 0 
3437654001 3437654002 4 0 0 
247948533 810241920 31 5 0 
1612182082 260463729 7 5 0 
1077028332 3183883873 10 5 0 
2895398419 2895398418 15 5 0 
3410441864 2832288544 14 5 0 
1288355369 1288355366 6 5 0 
3780214863 3780214861 8 5 0 
2906143408 2906142214 18 5 0 
883073576 883073573 22 5 0 
6 10 100
89072006 89072005 11 0 0 
1737705479 2741603247 7 6 0 
3962085714 3962085711 10 6 0 
2227242255 259247491 2 0 0 
3037351222 3983005364 20 6 0 
903927361 1400539437 25 6 0 
294178001 294178000 11 6 0 
290473311 290473310 39 6 0 
3932286778 3164484232 8 6 0 
1547619716 451763057 27 6 0 
2421617751 2421617743 6 2 0 
1122658006 1122695368 74 6 0 
1867621084 30738605 14 6 0 
3306442537 3306442539 9 6 0 
94714154 94714153 128 6 0 
484174186 484174185 18 6 0 
91779017 91779033 151 6 0 
1232458364 853671006 4 3 0 
1260104991 271182626 6 6 0 
280237022 270336415 8 6 0 
52679539 448748960 8 6 0 
683592220 683592219 2 0 0 
4177781546 4177781545 12 0 0 
1773416145 1773416140 3 2 0 
1292277963 1560225690 10 6 0 
462000614 462000613 11 3 0 
438950568 438950567 3 1 0 
251698969 510690935 22 6 0 
482684214 482684211 52 6 0 
266838782 266838781 12 6 0 
2687646269 27446599 7 6 0 
443954886 2481850156 11 6 0 
2463319275 2463319271 8 6 0 
3978887334 3978887333 6 6 0 
311865090 311865421 69 6 0 
1766711441 1766711445 8 6 0 
706465815 706465754 33 6 0 
1960865929 1694291847 8 0 0 
2790280683 2186256978 8 6 0 
1544679892 2062722131 12 6 0 
303803189 1020242445 32 6 0 
2506214836 2506214834 14 6 0 
321605461 321605460 10 6 0 
63041086 63035175 39 6 0 
3127209139 3955524194 19 6 0 
450100895 450097316 14 6 0 
728919097 728919002 35 6 0 
3739781264 277674470 6 6 0 
281898651 281898655 45 6 0 
251895477 679683275 28 6 0 
253463792 514863338 7 0 0 
313098049 313098048 12 6 0 
1278705414 1271841753 8 6 0 
736712694 736712642 24 6 0 
63045789 63040005 44 6 0 
29723796 1529981223 28 6 0 
2346494033 2346494032 5 0 0 
650211810 650211807 13 6 0 
513110407 513110408 23 6 0 
88845532 276512107 17 6 0 
33061465 1379262917 19 1 0 
2843654641 264113493 5 1 0 
1735671059 1735671057 6 6 0 
1263521409 1263520343 24 6 0 
445182324 417120269 10 6 0 
40421815 40421725 5 1 0 
250072061 250072064 23 6 0 
2283313976 2283313984 15 3 0 
2204593685 2205912696 32 6 0 
260627789 260627788 14 6 0 
1226835706 1260713106 13 1 0 
262144731 3524354426 95 6 0 
247180241 247180240 133 6 0 
2400917933 2400917934 64 6 0 
288753495 288753487 40 6 0 
3979325563 3979325568 8 6 0 
85409830 411724190 7 6 0 
2799824608 2799823498 10 6 0 
288378696 288378703 14 2 0 
1107994840 1107997459 143 6 0 
3660348592 309758306 24 0 0 
309556188 309555980 17 6 0 
3636734247 3636734249 15 6 0 
1915363166 1915363083 3 2 0 
1885263508 1885263510 49 6 0 
4113488400 30590280 11 6 0 
3257842675 1591359193 18 6 0 
1623515360 1623515381 9 1 0 
597621456 94947121 30 6 0 
305304747 305304746 14 6 0 
3437654001 3437654002 4 1 0 
247948533 810241920 31 6 0 
1612182082 260463729 7 6 0 
1077028332 3183883873 10 6 0 
2895398419 2895398418 15 6 0 
3410441864 2832288544 14 6 0 
1288355369 1288355366 6 6 0 
3780214863 3780214861 8 6 0 
2906143408 2906142214 18 6 0 
883073576 883073573 22 6 0 
7 10 100
89072006 89072005 11 1 0 
1737705479 2741603247 7 7 0 
3962085714 3962085711 10 7 0 
2227242255 259247491 2 1 0 
3037351222 3983005364 20 7 0 
903927361 1400539437 25 7 0 
294178001 294178000 11 7 0 
290473311 290473310 39 7 0 
3932286778 3164484232 8 7 0 
1547619716 451763057 27 7 0 
2421617751 2421617743 6 3 0 
1122658006 1122695368 74 7 0 
1867621084 30738605 14 7 0 
3306442537 3306442539 9 7 0 
94714154 94714153 128 7 0 
484174186 484174185 18 7 0 
91779017 91779033 151 7 0 
1232458364 853671006 4 4 0 
271182626 26738414 3 0 0 
280237022 270336415 8 7 0 
52679539 448748960 8 7 0 
683592220 683592219 2 1 0 
4177781546 4177781545 12 1 0 
1773416145 1773416140 3 3 0 
1292277963 1560225690 10 7 0 
462000614 462000613 11 4 0 
438950568 438950567 3 2 0 
251698969 510690935 22 7 0 
482684214 482684211 52 7 0 
266838782 266838781 12 7 0 
2687646269 27446599 7 7 0 
443954886 2481850156 11 7 0 
2463319275 2463319271 8 7 0 
3978887333 3978887332 6 0 0 
311865090 311865421 69 7 0 
1766711441 1766711445 8 7 0 
706465815 706465754 33 7 0 
1960865929 1694291847 8 1 0 
2790280683 2186256978 8 7 0 
1544679892 2062722131 12 7 0 
303803189 1020242445 32 7 0 
2506214836 2506214834 14 7 0 
321605461 321605460 10 7 0 
63041086 63035175 39 7 0 
3127209139 3955524194 19 7 0 
450100895 450097316 14 7 0 
728919097 728919002 35 7 0 
277674470 277674471 14 0 0 
281898651 281898655 45 7 0 
251895477 679683275 28 7 0 
253463792 514863338 7 1 0 
313098049 313098048 12 7 0 
1278705414 1271841753 8 7 0 
736712694 736712642 24 7 0 
63045789 63040005 44 7 0 
29723796 1529981223 28 7 0 
2346494033 2346494032 5 1 0 
650211810 650211807 13 7 0 
513110407 513110408 23 7 0 
88845532 276512107 17 7 0 
33061465 1379262917 19 2 0 
2843654641 264113493 5 2 0 
1735671057 1735671055 91 0 0 
1263521409 1263520343 24 7 0 
445182324 417120269 10 7 0 
40421815 40421725 5 2 0 
250072061 250072064 23 7 0 
2283313976 2283313984 15 4 0 
2204593685 2205912696 32 7 0 
260627789 260627788 14 7 0 
1226835706 1260713106 13 2 0 
262144731 3524354426 95 7 0 
247180241 247180240 133 7 0 
2400917933 2400917934 64 7 0 
288753495 288753487 40 7 0 
3979325563 3979325568 8 7 0 
85409830 411724190 7 7 0 
2799824608 2799823498 10 7 0 
288378696 288378703 14 3 0 
1107994840 1107997459 143 7 0 
3660348592 309758306 24 1 0 
309556188 309555980 17 7 0 
3636734247 3636734249 15 7 0 
1915363166 1915363083 3 3 0 
1885263508 1885263510 49 7 0 
4113488400 30590280 11 7 0 
3257842675 1591359193 18 7 0 
1623515360 1623515381 9 2 0 
597621456 94947121 30 7 0 
305304747 305304746 14 7 0 
3437654001 3437654002 4 2 0 
247948533 810241920 31 7 0 
1612182082 260463729 7 7 0 
1077028332 3183883873 10 7 0 
2895398419 2895398418 15 7 0 
3410441864 2832288544 14 7 0 
1288355366 1288355365 6 0 0 
3780214863 3780214861 8 7 0 
2906143408 2906142214 18 7 0 
883073576 883073573 22 7 0 
8 10 100
89072006 89072005 11 2 0 
2741603247 2741603245 7 0 0 
3962085714 3962085711 10 8 0 
2227242255 259247491 2 2 0 
3037351222 3983005364 20 8 0 
903927361 1400539437 25 8 0 
294178001 294178000 11 8 0 
290473311 290473310 39 8 0 
3932286778 3164484232 8 8 0 
1547619716 451763057 27 8 0 
2421617751 2421617743 6 4 0 
1122658006 1122695368 74 8 0 
1867621084 30738605 14 8 0 
3306442537 3306442539 9 8 0 
94714154 94714153 128 8 0 
484174186 484174185 18 8 0 
91779017 91779033 151 8 0 
853671006 853670910 8 0 0 
271182626 26738414 3 1 0 
280237022 270336415 8 8 0 
52679539 448748960 8 8 0 
683592220 683592219 2 2 0 
4177781546 4177781545 12 2 0 
1773416140 1773416135 3 0 0 
1292277963 1560225690 10 8 0 
462000614 462000613 11 5 0 
438950568 438950567 3 3 0 
251698969 510690935 22 8 0 
482684214 482684211 52 8 0 
266838782 266838781 12 8 0 
27446599 27446586 40 0 0 
443954886 2481850156 11 8 0 
2463319275 2463319271 8 8 0 
3978887333 3978887332 6 1 0 
311865090 311865421 69 8 0 
1766711441 1766711445 8 8 0 
706465815 706465754 33 8 0 
1960865929 1694291847 8 2 0 
2790280683 2186256978 8 8 0 
1544679892 2062722131 12 8 0 
303803189 1020242445 32 8 0 
2506214836 2506214834 14 8 0 
321605461 321605460 10 8 0 
63041086 63035175 39 8 0 
3127209139 3955524194 19 8 0 
450100895 450097316 14 8 0 
728919097 728919002 35 8 0 
277674470 277674471 14 1 0 
281898651 281898655 45 8 0 
251895477 679683275 28 8 0 
253463792 514863338 7 2 0 
313098049 313098048 12 8 0 
1278705414 1271841753 8 8 0 
736712694 736712642 24 8 0 
63045789 63040005 44 8 0 
29723796 1529981223 28 8 0 
2346494033 2346494032 5 2 0 
650211810 650211807 13 8 0 
513110407 513110408 23 8 0 
88845532 276512107 17 8 0 
33061465 1379262917 19 3 0 
2843654641 264113493 5 3 0 
1735671057 1735671055 91 1 0 
1263521409 1263520343 24 8 0 
445182324 417120269 10 8 0 
40421815 40421725 5 3 0 
250072061 250072064 23 8 0 
2283313976 2283313984 15 5 0 
2204593685 2205912696 32 8 0 
260627789 260627788 14 8 0 
1226835706 1260713106 13 3 0 
262144731 3524354426 95 8 0 
247180241 247180240 133 8 0 
2400917933 2400917934 64 8 0 
288753495 288753487 40 8 0 
3979325563 3979325568 8 8 0 
411724190 435742266 14 0 0 
2799824608 2799823498 10 8 0 
288378696 288378703 14 4 0 
1107994840 1107997459 143 8 0 
3660348592 309758306 24 2 0 
309556188 309555980 17 8 0 
3636734247 3636734249 15 8 0 
1915363083 1915363177 4 0 0 
1885263508 1885263510 49 8 0 
4113488400 30590280 11 8 0 
3257842675 1591359193 18 8 0 
1623515360 1623515381 9 3 0 
597621456 94947121 30 8 0 
305304747 305304746 14 8 0 
3437654001 3437654002 4 3 0 
247948533 810241920 31 8 0 
260463729 2172119320 8 0 0 
1077028332 3183883873 10 8 0 
2895398419 2895398418 15 8 0 
3410441864 2832288544 14 8 0 
1288355366 1288355365 6 1 0 
3780214863 3780214861 8 8 0 
2906143408 2906142214 18 8 0 
883073576 883073573 22 8 0 
9 10 100
89072006 89072005 11 3 0 
2741603247 2741603245 7 1 0 
3962085714 3962085711 10 9 0 
259247491 259247473 21 0 0 
3037351222 3983005364 20 9 0 
903927361 1400539437 25 9 0 
294178001 294178000 11 9 0 
290473311 290473310 39 9 0 
3164484232 3164484233 4 0 0 
1547619716 451763057 27 9 0 
2421617751 2421617743 6 5 0 
1122658006 1122695368 74 9 0 
1867621084 30738605 14 9 0 
3306442537 3306442539 9 9 0 
94714154 94714153 128 9 0 
484174186 484174185 18 9 0 
91779017 91779033 151 9 0 
853671006 853670910 8 1 0 
271182626 26738414 3 2 0 
270336415 349784989 14 0 0 
448748960 301747695 23 0 0 
683592219 683592218 2 0 0 
4177781546 4177781545 12 3 0 
1773416140 1773416135 3 1 0 
1292277963 1560225690 10 9 0 
462000614 462000613 11 6 0 
438950567 438950565 2 0 0 
251698969 510690935 22 9 0 
482684214 482684211 52 9 0 
266838782 266838781 12 9 0 
27446599 27446586 40 1 0 
443954886 2481850156 11 9 0 
2463319271 1038624774 9 0 0 
3978887333 3978887332 6 2 0 
311865090 311865421 69 9 0 
1766711445 1766711447 8 0 0 
706465815 706465754 33 9 0 
1960865929 1694291847 8 3 0 
2186256978 2186256977 78 0 0 
1544679892 2062722131 12 9 0 
303803189 1020242445 32 9 0 
2506214836 2506214834 14 9 0 
321605461 321605460 10 9 0 
63041086 63035175 39 9 0 
3127209139 3955524194 19 9 0 
450100895 450097316 14 9 0 
728919097 728919002 35 9 0 
277674470 277674471 14 2 0 
281898651 281898655 45 9 0 
251895477 679683275 28 9 0 
253463792 514863338 7 3 0 
313098049 313098048 12 9 0 
1271841753 1271841756 17 0 0 
736712694 736712642 24 9 0 
63045789 63040005 44 9 0 
29723796 1529981223 28 9 0 
2346494033 2346494032 5 3 0 
650211810 650211807 13 9 0 
513110407 513110408 23 9 0 
88845532 276512107 17 9 0 
33061465 1379262917 19 4 0 
2843654641 264113493 5 4 0 
1735671057 1735671055 91 2 0 
1263521409 1263520343 24 9 0 
445182324 417120269 10 9 0 
40421815 40421725 5 4 0 
250072061 250072064 23 9 0 
2283313976 2283313984 15 6 0 
2204593685 2205912696 32 9 0 
260627789 260627788 14 9 0 
1226835706 1260713106 13 4 0 
262144731 3524354426 95 9 0 
247180241 247180240 133 9 0 
2400917933 2400917934 64 9 0 
288753495 288753487 40 9 0 
3979325568 2419958151 8 0 0 
411724190 435742266 14 1 0 
2799824608 2799823498 10 9 0 
288378696 288378703 14 5 0 
1107994840 1107997459 143 9 0 
3660348592 309758306 24 3 0 
309556188 309555980 17 9 0 
3636734247 3636734249 15 9 0 
1915363083 1915363177 4 1 0 
1885263508 1885263510 49 9 0 
4113488400 30590280 11 9 0 
3257842675 1591359193 18 9 0 
1623515360 1623515381 9 4 0 
597621456 94947121 30 9 0 
305304747 305304746 14 9 0 
3437654001 3437654002 4 4 0 
247948533 810241920 31 9 0 
260463729 2172119320 8 1 0 
1077028332 3183883873 10 9 0 
2895398419 2895398418 15 9 0 
3410441864 2832288544 14 9 0 
1288355366 1288355365 6 2 0 
3780214861 3780214855 14 0 0 
2906143408 2906142214 18 9 0 
883073576 883073573 22 9 0 
10 10 100
89072006 89072005 11 4 0 
2741603247 2741603245 7 2 0 
3962085714 3962085711 10 10 0 
259247491 259247473 21 1 0 
3037351222 3983005364 20 10 0 
903927361 1400539437 25 10 0 
294178001 294178000 11 10 0 
290473311 290473310 39 10 0 
3164484232 3164484233 4 1 0 
1547619716 451763057 27 10 0 
2421617751 2421617743 6 6 0 
1122658006 1122695368 74 10 0 
1867621084 30738605 14 10 0 
3306442539 269899745 24 0 0 
94714154 94714153 128 10 0 
484174186 484174185 18 10 0 
91779017 91779033 151 10 0 
853671006 853670910 8 2 0 
271182626 26738414 3 3 0 
270336415 349784989 14 1 0 
448748960 301747695 23 1 0 
683592219 683592218 2 1 0 
4177781546 4177781545 12 4 0 
1773416140 1773416135 3 2 0 
1292277963 1560225690 10 10 0 
462000614 462000613 11 7 0 
438950567 438950565 2 1 0 
251698969 510690935 22 10 0 
482684214 482684211 52 10 0 
266838782 266838781 12 10 0 
27446599 27446586 40 2 0 
443954886 2481850156 11 10 0 
2463319271 1038624774 9 1 0 
3978887333 3978887332 6 3 0 
311865090 311865421 69 10 0 
1766711445 1766711447 8 1 0 
706465815 706465754 33 10 0 
1960865929 1694291847 8 4 0 
2186256978 2186256977 78 1 0 
1544679892 2062722131 12 10 0 
303803189 1020242445 32 10 0 
2506214836 2506214834 14 10 0 
321605461 321605460 10 10 0 
63041086 63035175 39 10 0 
3127209139 3955524194 19 10 0 
450100895 450097316 14 10 0 
728919097 728919002 35 10 0 
277674470 277674471 14 3 0 
281898651 281898655 45 10 0 
251895477 679683275 28 10 0 
253463792 514863338 7 4 0 
313098049 313098048 12 10 0 
1271841753 1271841756 17 1 0 
736712694 736712642 24 10 0 
63045789 63040005 44 10 0 
29723796 1529981223 28 10 0 
2346494033 2346494032 5 4 0 
650211810 650211807 13 10 0 
513110407 513110408 23 10 0 
88845532 276512107 17 10 0 
33061465 1379262917 19 5 0 
2843654641 264113493 5 5 0 
1735671057 1735671055 91 3 0 
1263521409 1263520343 24 10 0 
445182324 417120269 10 10 0 
40421815 40421725 5 5 0 
250072061 250072064 23 10 0 
2283313976 2283313984 15 7 0 
2204593685 2205912696 32 10 0 
260627789 260627788 14 10 0 
1226835706 1260713106 13 5 0 
262144731 3524354426 95 10 0 
247180241 247180240 133 10 0 
2400917933 2400917934 64 10 0 
288753495 288753487 40 10 0 
3979325568 2419958151 8 1 0 
411724190 435742266 14 2 0 
2799824608 2799823498 10 10 0 
288378696 288378703 14 6 0 
1107994840 1107997459 143 10 0 
3660348592 309758306 24 4 0 
309556188 309555980 17 10 0 
3636734247 3636734249 15 10 0 
1915363083 1915363177 4 2 0 
1885263508 1885263510 49 10 0 
4113488400 30590280 11 10 0 
3257842675 1591359193 18 10 0 
1623515360 1623515381 9 5 0 
597621456 94947121 30 10 0 
305304747 305304746 14 10 0 
3437654002 3437654003 2 0 0 
247948533 810241920 31 10 0 
260463729 2172119320 8 2 0 
1077028332 3183883873 10 10 0 
2895398419 2895398418 15 10 0 
3410441864 2832288544 14 10 0 
1288355366 1288355365 6 3 0 
3780214861 3780214855 14 1 0 
2906143408 2906142214 18 10 0 
883073576 883073573 22 10 0 
11 10 100
89072006 89072005 11 5 0 
2741603247 2741603245 7 3 0 
3962085711 3962085710 11 0 0 
259247491 259247473 21 2 0 
3037351222 3983005364 20 11 0 
903927361 1400539437 25 11 0 
294178001 294178000 11 11 0 
290473311 290473310 39 11 0 
3164484232 3164484233 4 2 0 
1547619716 451763057 27 11 0 
2421617743 2421617734 4 0 0 
1122658006 1122695368 74 11 0 
1867621084 30738605 14 11 0 
3306442539 269899745 24 1 0 
94714154 94714153 128 11 0 
484174186 484174185 18 11 0 
91779017 91779033 151 11 0 
853671006 853670910 8 3 0 
26738414 26738415 4 0 0 
270336415 349784989 14 2 0 
448748960 301747695 23 2 0 
683592219 683592218 2 2 0 
4177781546 4177781545 12 5 0 
1773416140 1773416135 3 3 0 
1560225690 1867602302 19 0 0 
462000614 462000613 11 8 0 
438950567 438950565 2 2 0 
251698969 510690935 22 11 0 
482684214 482684211 52 11 0 
266838782 266838781 12 11 0 
27446599 27446586 40 3 0 
443954886 2481850156 11 11 0 
2463319271 1038624774 9 2 0 
3978887333 3978887332 6 4 0 
311865090 311865421 69 11 0 
1766711445 1766711447 8 2 0 
706465815 706465754 33 11 0 
1960865929 1694291847 8 5 0 
2186256978 2186256977 78 2 0 
1544679892 2062722131 12 11 0 
303803189 1020242445 32 11 0 
2506214836 2506214834 14 11 0 
321605460 321605459 4 0 0 
63041086 63035175 39 11 0 
3127209139 3955524194 19 11 0 
450100895 450097316 14 11 0 
728919097 728919002 35 11 0 
277674470 277674471 14 4 0 
281898651 281898655 45 11 0 
251895477 679683275 28 11 0 
253463792 514863338 7 5 0 
313098049 313098048 12 11 0 
1271841753 1271841756 17 2 0 
736712694 736712642 24 11 0 
63045789 63040005 44 11 0 
29723796 1529981223 28 11 0 
2346494033 2346494032 5 5 0 
650211810 650211807 13 11 0 
513110407 513110408 23 11 0 
88845532 276512107 17 11 0 
33061465 1379262917 19 6 0 
264113493 264113492 5 0 0 
1735671057 1735671055 91 4 0 
1263521409 1263520343 24 11 0 
417120269 1315528435 38 0 0 
40421725 40422073 37 0 0 
250072061 250072064 23 11 0 
2283313976 2283313984 15 8 0 
2204593685 2205912696 32 11 0 
260627789 260627788 14 11 0 
1226835706 1260713106 13 6 0 
262144731 3524354426 95 11 0 
247180241 247180240 133 11 0 
2400917933 2400917934 64 11 0 
288753495 288753487 40 11 0 
3979325568 2419958151 8 2 0 
411724190 435742266 14 3 0 
2799823498 2799823455 2 0 0 
288378696 288378703 14 7 0 
1107994840 1107997459 143 11 0 
3660348592 309758306 24 5 0 
309556188 309555980 17 11 0 
3636734247 3636734249 15 11 0 
1915363083 1915363177 4 3 0 
1885263508 1885263510 49 11 0 
4113488400 30590280 11 11 0 
3257842675 1591359193 18 11 0 
1623515360 1623515381 9 6 0 
597621456 94947121 30 11 0 
305304747 305304746 14 11 0 
3437654002 3437654003 2 1 0 
247948533 810241920 31 11 0 
260463729 2172119320 8 3 0 
3183883873 3183883674 13 0 0 
2895398419 2895398418 15 11 0 
3410441864 2832288544 14 11 0 
1288355366 1288355365 6 4 0 
3780214861 3780214855 14 2 0 
2906143408 2906142214 18 11 0 
883073576 883073573 22 11 0 
12 10 100
89072006 89072005 11 6 0 
2741603247 2741603245 7 4 0 
3962085711 3962085710 11 1 0 
259247491 259247473 21 3 0 
3037351222 3983005364 20 12 0 
903927361 1400539437 25 12 0 
294178000 294177786 47 0 0 
290473311 290473310 39 12 0 
3164484232 3164484233 4 3 0 
1547619716 451763057 27 12 0 
2421617743 2421617734 4 1 0 
1122658006 1122695368 74 12 0 
1867621084 30738605 14 12 0 
3306442539 269899745 24 2 0 
94714154 94714153 128 12 0 
484174186 484174185 18 12 0 
91779017 91779033 151 12 0 
853671006 853670910 8 4 0 
26738414 26738415 4 1 0 
270336415 349784989 14 3 0 
448748960 301747695 23 3 0 
683592218 278496598 2 0 0 
4177781546 4177781545 12 6 0 
1773416135 1773416133 3 0 0 
1560225690 1867602302 19 1 0 
462000614 462000613 11 9 0 
438950565 471243067 3 0 0 
251698969 510690935 22 12 0 
482684214 482684211 52 12 0 
266838782 266838781 12 12 0 
27446599 27446586 40 4 0 
2481850156 443954848 16 0 0 
2463319271 1038624774 9 3 0 
3978887333 3978887332 6 5 0 
311865090 311865421 69 12 0 
1766711445 1766711447 8 3 0 
706465815 706465754 33 12 0 
1960865929 1694291847 8 6 0 
2186256978 2186256977 78 3 0 
1544679892 2062722131 12 12 0 
303803189 1020242445 32 12 0 
2506214836 2506214834 14 12 0 
321605460 321605459 4 1 0 
63041086 63035175 39 12 0 
3127209139 3955524194 19 12 0 
450100895 450097316 14 12 0 
728919097 728919002 35 12 0 
277674470 277674471 14 5 0 
281898651 281898655 45 12 0 
251895477 679683275 28 12 0 
253463792 514863338 7 6 0 
313098049 313098048 12 12 0 
1271841753 1271841756 17 3 0 
736712694 736712642 24 12 0 
63045789 63040005 44 12 0 
29723796 1529981223 28 12 0 
2346494032 2346494031 12 0 0 
650211810 650211807 13 12 0 
513110407 513110408 23 12 0 
88845532 276512107 17 12 0 
33061465 1379262917 19 7 0 
264113493 264113492 5 1 0 
1735671057 1735671055 91 5 0 
1263521409 1263520343 24 12 0 
417120269 1315528435 38 1 0 
40421725 40422073 37 1 0 
250072061 250072064 23 12 0 
2283313976 2283313984 15 9 0 
2204593685 2205912696 32 12 0 
260627789 260627788 14 12 0 
1226835706 1260713106 13 7 0 
262144731 3524354426 95 12 0 
247180241 247180240 133 12 0 
2400917933 2400917934 64 12 0 
288753495 288753487 40 12 0 
3979325568 2419958151 8 3 0 
411724190 435742266 14 4 0 
2799823498 2799823455 2 1 0 
288378696 288378703 14 8 0 
1107994840 1107997459 143 12 0 
3660348592 309758306 24 6 0 
309556188 309555980 17 12 0 
3636734247 3636734249 15 12 0 
1915363083 1915363177 4 4 0 
1885263508 1885263510 49 12 0 
30590280 442319393 12 0 0 
3257842675 1591359193 18 12 0 
1623515360 1623515381 9 7 0 
597621456 94947121 30 12 0 
305304747 305304746 14 12 0 
3437654002 3437654003 2 2 0 
247948533 810241920 31 12 0 
260463729 2172119320 8 4 0 
3183883873 3183883674 13 1 0 
2895398419 2895398418 15 12 0 
3410441864 2832288544 14 12 0 
1288355366 1288355365 6 5 0 
3780214861 3780214855 14 3 0 
2906143408 2906142214 18 12 0 
883073576 883073573 22 12 0 
13 10 100
89072006 89072005 11 7 0 
2741603247 2741603245 7 5 0 
3962085711 3962085710 11 2 0 
259247491 259247473 21 4 0 
3037351222 3983005364 20 13 0 
903927361 1400539437 25 13 0 
294178000 294177786 47 1 0 
290473311 290473310 39 13 0 
3164484232 3164484233 4 4 0 
1547619716 451763057 27 13 0 
2421617743 2421617734 4 2 0 
1122658006 1122695368 74 13 0 
1867621084 30738605 14 13 0 
3306442539 269899745 24 3 0 
94714154 94714153 128 13 0 
484174186 484174185 18 13 0 
91779017 91779033 151 13 0 
853671006 853670910 8 5 0 
26738414 26738415 4 2 0 
270336415 349784989 14 4 0 
448748960 301747695 23 4 0 
683592218 278496598 2 1 0 
4177781546 4177781545 12 7 0 
1773416135 1773416133 3 1 0 
1560225690 1867602302 19 2 0 
462000614 462000613 11 10 0 
438950565 471243067 3 1 0 
251698969 510690935 22 13 0 
482684214 482684211 52 13 0 
266838781 1728572001 129 0 0 
27446599 27446586 40 5 0 
2481850156 443954848 16 1 0 
2463319271 1038624774 9 4 0 
3978887333 3978887332 6 6 0 
311865090 311865421 69 13 0 
1766711445 1766711447 8 4 0 
706465815 706465754 33 13 0 
1960865929 1694291847 8 7 0 
2186256978 2186256977 78 4 0 
2062722131 4122839292 12 0 0 
303803189 1020242445 32 13 0 
2506214836 2506214834 14 13 0 
321605460 321605459 4 2 0 
63041086 63035175 39 13 0 
3127209139 3955524194 19 13 0 
450100895 450097316 14 13 0 
728919097 728919002 35 13 0 
277674470 277674471 14 6 0 
281898651 281898655 45 13 0 
251895477 679683275 28 13 0 
253463792 514863338 7 7 0 
313098048 313098047 19 0 0 
1271841753 1271841756 17 4 0 
736712694 736712642 24 13 0 
63045789 63040005 44 13 0 
29723796 1529981223 28 13 0 
2346494032 2346494031 12 1 0 
650211810 650211807 13 13 0 
513110407 513110408 23 13 0 
88845532 276512107 17 13 0 
33061465 1379262917 19 8 0 
264113493 264113492 5 2 0 
1735671057 1735671055 91 6 0 
1263521409 1263520343 24 13 0 
417120269 1315528435 38 2 0 
40421725 40422073 37 2 0 
250072061 250072064 23 13 0 
2283313976 2283313984 15 10 0 
2204593685 2205912696 32 13 0 
260627789 260627788 14 13 0 
1226835706 1260713106 13 8 0 
262144731 3524354426 95 13 0 
247180241 247180240 133 13 0 
2400917933 2400917934 64 13 0 
288753495 288753487 40 13 0 
3979325568 2419958151 8 4 0 
411724190 435742266 14 5 0 
2799823498 2799823455 2 2 0 
288378696 288378703 14 9 0 
1107994840 1107997459 143 13 0 
3660348592 309758306 24 7 0 
309556188 309555980 17 13 0 
3636734247 3636734249 15 13 0 
1915363177 1915363053 14 0 0 
1885263508 1885263510 49 13 0 
30590280 442319393 12 1 0 
3257842675 1591359193 18 13 0 
1623515360 1623515381 9 8 0 
597621456 94947121 30 13 0 
305304747 305304746 14 13 0 
3437654003 3437654004 2 0 0 
247948533 810241920 31 13 0 
260463729 2172119320 8 5 0 
3183883873 3183883674 13 2 0 
2895398419 2895398418 15 13 0 
3410441864 2832288544 14 13 0 
1288355366 1288355365 6 6 0 
3780214861 3780214855 14 4 0 
2906143408 2906142214 18 13 0 
883073576 883073573 22 13 0 
14 10 100
89072006 89072005 11 8 0 
2741603247 2741603245 7 6 0 
3962085711 3962085710 11 3 0 
259247491 259247473 21 5 0 
3037351222 3983005364 20 14 0 
903927361 1400539437 25 14 0 
294178000 294177786 47 2 0 
290473311 290473310 39 14 0 
3164484233 3932286781 4 0 0 
1547619716 451763057 27 14 0 
2421617743 2421617734 4 3 0 
1122658006 1122695368 74 14 0 
1867621084 30738605 14 14 0 
3306442539 269899745 24 4 0 
94714154 94714153 128 14 0 
484174186 484174185 18 14 0 
91779017 91779033 151 14 0 
853671006 853670910 8 6 0 
26738414 26738415 4 3 0 
270336415 349784989 14 5 0 
448748960 301747695 23 5 0 
683592218 278496598 2 2 0 
4177781546 4177781545 12 8 0 
1773416135 1773416133 3 2 0 
1560225690 1867602302 19 3 0 
462000614 462000613 11 11 0 
438950565 471243067 3 2 0 
251698969 510690935 22 14 0 
482684214 482684211 52 14 0 
266838781 1728572001 129 1 0 
27446599 27446586 40 6 0 
2481850156 443954848 16 2 0 
2463319271 1038624774 9 5 0 
3978887332 3978887331 9 0 0 
311865090 311865421 69 14 0 
1766711445 1766711447 8 5 0 
706465815 706465754 33 14 0 
1960865929 1694291847 8 8 0 
2186256978 2186256977 78 5 0 
2062722131 4122839292 12 1 0 
303803189 1020242445 32 14 0 
2506214836 2506214834 14 14 0 
321605460 321605459 4 3 0 
63041086 63035175 39 14 0 
3127209139 3955524194 19 14 0 
450100895 450097316 14 14 0 
728919097 728919002 35 14 0 
277674470 277674471 14 7 0 
281898651 281898655 45 14 0 
251895477 679683275 28 14 0 
514863338 514863340 6 0 0 
313098048 313098047 19 1 0 
1271841753 1271841756 17 5 0 
736712694 736712642 24 14 0 
63045789 63040005 44 14 0 
29723796 1529981223 28 14 0 
2346494032 2346494031 12 2 0 
650211807 650211809 10 0 0 
513110407 513110408 23 14 0 
88845532 276512107 17 14 0 
33061465 1379262917 19 9 0 
264113493 264113492 5 3 0 
1735671057 1735671055 91 7 0 
1263521409 1263520343 24 14 0 
417120269 1315528435 38 3 0 
40421725 40422073 37 3 0 
250072061 250072064 23 14 0 
2283313976 2283313984 15 11 0 
2204593685 2205912696 32 14 0 
260627789 260627788 14 14 0 
1226835706 1260713106 13 9 0 
262144731 3524354426 95 14 0 
247180241 247180240 133 14 0 
2400917933 2400917934 64 14 0 
288753495 288753487 40 14 0 
3979325568 2419958151 8 5 0 
411724190 435742266 14 6 0 
2799823455 2799823458 6 0 0 
288378696 288378703 14 10 0 
1107994840 1107997459 143 14 0 
3660348592 309758306 24 8 0 
309556188 309555980 17 14 0 
3636734247 3636734249 15 14 0 
1915363177 1915363053 14 1 0 
1885263508 1885263510 49 14 0 
30590280 442319393 12 2 0 
3257842675 1591359193 18 14 0 
1623515360 1623515381 9 9 0 
597621456 94947121 30 14 0 
305304747 305304746 14 14 0 
3437654003 3437654004 2 1 0 
247948533 810241920 31 14 0 
260463729 2172119320 8 6 0 
3183883873 3183883674 13 3 0 
2895398419 2895398418 15 14 0 
3410441864 2832288544 14 14 0 
1288355365 1288355364 10 0 0 
3780214861 3780214855 14 5 0 
2906143408 2906142214 18 14 0 
883073576 883073573 22 14 0 
15 10 100
89072006 89072005 11 9 0 
2741603247 2741603245 7 7 0 
3962085711 3962085710 11 4 0 
259247491 259247473 21 6 0 
3037351222 3983005364 20 15 0 
903927361 1400539437 25 15 0 
294178000 294177786 47 3 0 
290473311 290473310 39 15 0 
3164484233 3932286781 4 1 0 
1547619716 451763057 27 15 0 
2421617743 2421617734 4 4 0 
1122658006 1122695368 74 15 0 
30738605 30738586 27 0 0 
3306442539 269899745 24 5 0 
94714154 94714153 128 15 0 
484174186 484174185 18 15 0 
91779017 91779033 151 15 0 
853671006 853670910 8 7 0 
26738414 26738415 4 4 0 
270336415 349784989 14 6 0 
448748960 301747695 23 6 0 
278496598 683592224 1 0 0 
4177781546 4177781545 12 9 0 
1773416135 1773416133 3 3 0 
1560225690 1867602302 19 4 0 
462000613 462000663 1 0 0 
438950565 471243067 3 3 0 
251698969 510690935 22 15 0 
482684214 482684211 52 15 0 
266838781 1728572001 129 2 0 
27446599 27446586 40 7 0 
2481850156 443954848 16 3 0 
2463319271 1038624774 9 6 0 
3978887332 3978887331 9 1 0 
311865090 311865421 69 15 0 
1766711445 1766711447 8 6 0 
706465815 706465754 33 15 0 
1694291847 472975023 42 0 0 
2186256978 2186256977 78 6 0 
2062722131 4122839292 12 2 0 
303803189 1020242445 32 15 0 
2506214834 294093959 6 0 0 
321605460 321605459 4 4 0 
63041086 63035175 39 15 0 
3127209139 3955524194 19 15 0 
450097316 2245582897 11 0 0 
728919097 728919002 35 15 0 
277674470 277674471 14 8 0 
281898651 281898655 45 15 0 
251895477 679683275 28 15 0 
514863338 514863340 6 1 0 
313098048 313098047 19 2 0 
1271841753 1271841756 17 6 0 
736712694 736712642 24 15 0 
63045789 63040005 44 15 0 
29723796 1529981223 28 15 0 
2346494032 2346494031 12 3 0 
650211807 650211809 10 1 0 
513110407 513110408 23 15 0 
88845532 276512107 17 15 0 
33061465 1379262917 19 10 0 
264113493 264113492 5 4 0 
1735671057 1735671055 91 8 0 
1263521409 1263520343 24 15 0 
417120269 1315528435 38 4 0 
40421725 40422073 37 4 0 
250072061 250072064 23 15 0 
2283313976 2283313984 15 12 0 
2204593685 2205912696 32 15 0 
260627788 260627789 14 0 0 
1226835706 1260713106 13 10 0 
262144731 3524354426 95 15 0 
247180241 247180240 133 15 0 
2400917933 2400917934 64 15 0 
288753495 288753487 40 15 0 
3979325568 2419958151 8 6 0 
411724190 435742266 14 7 0 
2799823455 2799823458 6 1 0 
288378696 288378703 14 11 0 
1107994840 1107997459 143 15 0 
3660348592 309758306 24 9 0 
309556188 309555980 17 15 0 
3636734247 3636734249 15 15 0 
1915363177 1915363053 14 2 0 
1885263508 1885263510 49 15 0 
30590280 442319393 12 3 0 
3257842675 1591359193 18 15 0 
1623515381 1623515384 6 0 0 
597621456 94947121 30 15 0 
305304746 305304744 15 0 0 
3437654003 3437654004 2 2 0 
247948533 810241920 31 15 0 
260463729 2172119320 8 7 0 
3183883873 3183883674 13 4 0 
2895398419 2895398418 15 15 0 
2832288544 2832288542 7 0 0 
1288355365 1288355364 10 1 0 
3780214861 3780214855 14 6 0 
2906143408 2906142214 18 15 0 
883073576 883073573 22 15 0 
16 10 100
89072006 89072005 11 10 0 
2741603245 2741603242 11 0 0 
3962085711 3962085710 11 5 0 
259247491 259247473 21 7 0 
3037351222 3983005364 20 16 0 
903927361 1400539437 25 16 0 
294178000 294177786 47 4 0 
290473311 290473310 39 16 0 
3164484233 3932286781 4 2 0 
1547619716 451763057 27 16 0 
2421617734 2421617730 2 0 0 
1122658006 1122695368 74 16 0 
30738605 30738586 27 1 0 
3306442539 269899745 24 6 0 
94714154 94714153 128 16 0 
484174186 484174185 18 16 0 
91779017 91779033 151 16 0 
853671006 853670910 8 8 0 
26738415 255561542 7 0 0 
270336415 349784989 14 7 0 
448748960 301747695 23 7 0 
278496598 683592224 1 1 0 
4177781546 4177781545 12 10 0 
1773416133 1773416129 4 0 0 
1560225690 1867602302 19 5 0 
462000613 462000663 1 1 0 
471243067 620646836 88 0 0 
251698969 510690935 22 16 0 
482684214 482684211 52 16 0 
266838781 1728572001 129 3 0 
27446599 27446586 40 8 0 
2481850156 443954848 16 4 0 
2463319271 1038624774 9 7 0 
3978887332 3978887331 9 2 0 
311865090 311865421 69 16 0 
1766711445 1766711447 8 7 0 
706465815 706465754 33 16 0 
1694291847 472975023 42 1 0 
2186256978 2186256977 78 7 0 
2062722131 4122839292 12 3 0 
303803189 1020242445 32 16 0 
2506214834 294093959 6 1 0 
321605459 321605457 37 0 0 
63041086 63035175 39 16 0 
3127209139 3955524194 19 16 0 
450097316 2245582897 11 1 0 
728919097 728919002 35 16 0 
277674470 277674471 14 9 0 
281898651 281898655 45 16 0 
251895477 679683275 28 16 0 
514863338 514863340 6 2 0 
313098048 313098047 19 3 0 
1271841753 1271841756 17 7 0 
736712694 736712642 24 16 0 
63045789 63040005 44 16 0 
29723796 1529981223 28 16 0 
2346494032 2346494031 12 4 0 
650211807 650211809 10 2 0 
513110407 513110408 23 16 0 
88845532 276512107 17 16 0 
33061465 1379262917 19 11 0 
264113493 264113492 5 5 0 
1735671057 1735671055 91 9 0 
1263521409 1263520343 24 16 0 
417120269 1315528435 38 5 0 
40421725 40422073 37 5 0 
250072061 250072064 23 16 0 
2283313976 2283313984 15 13 0 
2204593685 2205912696 32 16 0 
260627788 260627789 14 1 0 
1226835706 1260713106 13 11 0 
262144731 3524354426 95 16 0 
247180241 247180240 133 16 0 
2400917933 2400917934 64 16 0 
288753495 288753487 40 16 0 
3979325568 2419958151 8 7 0 
411724190 435742266 14 8 0 
2799823455 2799823458 6 2 0 
288378696 288378703 14 12 0 
1107994840 1107997459 143 16 0 
3660348592 309758306 24 10 0 
309556188 309555980 17 16 0 
3636734249 3260217626 15 0 0 
1915363177 1915363053 14 3 0 
1885263508 1885263510 49 16 0 
30590280 442319393 12 4 0 
3257842675 1591359193 18 16 0 
1623515381 1623515384 6 1 0 
597621456 94947121 30 16 0 
305304746 305304744 15 1 0 
3437654004 3437654005 8 0 0 
247948533 810241920 31 16 0 
260463729 2172119320 8 8 0 
3183883873 3183883674 13 5 0 
2895398418 3070073695 5 0 0 
2832288544 2832288542 7 1 0 
1288355365 1288355364 10 2 0 
3780214861 3780214855 14 7 0 
2906143408 2906142214 18 16 0 
883073576 883073573 22 16 0 
17 10 100
89072006 89072005 11 11 0 
2741603245 2741603242 11 1 0 
3962085711 3962085710 11 6 0 
259247491 259247473 21 8 0 
3037351222 3983005364 20 17 0 
903927361 1400539437 25 17 0 
294178000 294177786 47 5 0 
290473311 290473310 39 17 0 
3164484233 3932286781 4 3 0 
1547619716 451763057 27 17 0 
2421617734 2421617730 2 1 0 
1122658006 1122695368 74 17 0 
30738605 30738586 27 2 0 
3306442539 269899745 24 7 0 
94714154 94714153 128 17 0 
484174186 484174185 18 17 0 
91779017 91779033 151 17 0 
853670910 853670903 17 0 0 
26738415 255561542 7 1 0 
270336415 349784989 14 8 0 
448748960 301747695 23 8 0 
683592224 3475196475 1 0 0 
4177781546 4177781545 12 11 0 
1773416133 1773416129 4 1 0 
1560225690 1867602302 19 6 0 
462000663 3837564307 1 0 0 
471243067 620646836 88 1 0 
251698969 510690935 22 17 0 
482684214 482684211 52 17 0 
266838781 1728572001 129 4 0 
27446599 27446586 40 9 0 
2481850156 443954848 16 5 0 
2463319271 1038624774 9 8 0 
3978887332 3978887331 9 3 0 
311865090 311865421 69 17 0 
1766711445 1766711447 8 8 0 
706465815 706465754 33 17 0 
1694291847 472975023 42 2 0 
2186256978 2186256977 78 8 0 
2062722131 4122839292 12 4 0 
303803189 1020242445 32 17 0 
2506214834 294093959 6 2 0 
321605459 321605457 37 1 0 
63041086 63035175 39 17 0 
3127209139 3955524194 19 17 0 
450097316 2245582897 11 2 0 
728919097 728919002 35 17 0 
277674470 277674471 14 10 0 
281898651 281898655 45 17 0 
251895477 679683275 28 17 0 
514863338 514863340 6 3 0 
313098048 313098047 19 4 0 
1271841753 1271841756 17 8 0 
736712694 736712642 24 17 0 
63045789 63040005 44 17 0 
29723796 1529981223 28 17 0 
2346494032 2346494031 12 5 0 
650211807 650211809 10 3 0 
513110407 513110408 23 17 0 
88845532 276512107 17 17 0 
33061465 1379262917 19 12 0 
264113492 264113491 9 0 0 
1735671057 1735671055 91 10 0 
1263521409 1263520343 24 17 0 
417120269 1315528435 38 6 0 
40421725 40422073 37 6 0 
250072061 250072064 23 17 0 
2283313976 2283313984 15 14 0 
2204593685 2205912696 32 17 0 
260627788 260627789 14 2 0 
1226835706 1260713106 13 12 0 
262144731 3524354426 95 17 0 
247180241 247180240 133 17 0 
2400917933 2400917934 64 17 0 
288753495 288753487 40 17 0 
3979325568 2419958151 8 8 0 
411724190 435742266 14 9 0 
2799823455 2799823458 6 3 0 
288378696 288378703 14 13 0 
1107994840 1107997459 143 17 0 
3660348592 309758306 24 11 0 
309556188 309555980 17 17 0 
3636734249 3260217626 15 1 0 
1915363177 1915363053 14 4 0 
1885263508 1885263510 49 17 0 
30590280 442319393 12 5 0 
3257842675 1591359193 18 17 0 
1623515381 1623515384 6 2 0 
597621456 94947121 30 17 0 
305304746 305304744 15 2 0 
3437654004 3437654005 8 1 0 
247948533 810241920 31 17 0 
2172119320 260463672 17 0 0 
3183883873 3183883674 13 6 0 
2895398418 3070073695 5 1 0 
2832288544 2832288542 7 2 0 
1288355365 1288355364 10 3 0 
3780214861 3780214855 14 8 0 
2906143408 2906142214 18 17 0 
883073576 883073573 22 17 0 
18 10 100
89072005 4063222708 5 0 0 
2741603245 2741603242 11 2 0 
3962085711 3962085710 11 7 0 
259247491 259247473 21 9 0 
3037351222 3983005364 20 18 0 
903927361 1400539437 25 18 0 
294178000 294177786 47 6 0 
290473311 290473310 39 18 0 
3164484233 3932286781 4 4 0 
1547619716 451763057 27 18 0 
2421617734 2421617730 2 2 0 
1122658006 1122695368 74 18 0 
30738605 30738586 27 3 0 
3306442539 269899745 24 8 0 
94714154 94714153 128 18 0 
484174186 484174185 18 18 0 
91779017 91779033 151 18 0 
853670910 853670903 17 1 0 
26738415 255561542 7 2 0 
270336415 349784989 14 9 0 
448748960 301747695 23 9 0 
683592224 3475196475 1 1 0 
4177781546 4177781545 12 12 0 
1773416133 1773416129 4 2 0 
1560225690 1867602302 19 7 0 
462000663 3837564307 1 1 0 
471243067 620646836 88 2 0 
251698969 510690935 22 18 0 
482684214 482684211 52 18 0 
266838781 1728572001 129 5 0 
27446599 27446586 40 10 0 
2481850156 443954848 16 6 0 
2463319271 1038624774 9 9 0 
3978887332 3978887331 9 4 0 
311865090 311865421 69 18 0 
1766711447 1766711451 8 0 0 
706465815 706465754 33 18 0 
1694291847 472975023 42 3 0 
2186256978 2186256977 78 9 0 
2062722131 4122839292 12 5 0 
303803189 1020242445 32 18 0 
2506214834 294093959 6 3 0 
321605459 321605457 37 2 0 
63041086 63035175 39 18 0 
3127209139 3955524194 19 18 0 
450097316 2245582897 11 3 0 
728919097 728919002 35 18 0 
277674470 277674471 14 11 0 
281898651 281898655 45 18 0 
251895477 679683275 28 18 0 
514863338 514863340 6 4 0 
313098048 313098047 19 5 0 
1271841753 1271841756 17 9 0 
736712694 736712642 24 18 0 
63045789 63040005 44 18 0 
29723796 1529981223 28 18 0 
2346494032 2346494031 12 6 0 
650211807 650211809 10 4 0 
513110407 513110408 23 18 0 
276512107 414802812 6 0 0 
33061465 1379262917 19 13 0 
264113492 264113491 9 1 0 
1735671057 1735671055 91 11 0 
1263521409 1263520343 24 18 0 
417120269 1315528435 38 7 0 
40421725 40422073 37 7 0 
250072061 250072064 23 18 0 
2283313976 2283313984 15 15 0 
2204593685 2205912696 32 18 0 
260627788 260627789 14 3 0 
1226835706 1260713106 13 13 0 
262144731 3524354426 95 18 0 
247180241 247180240 133 18 0 
2400917933 2400917934 64 18 0 
288753495 288753487 40 18 0 
2419958151 2419958148 11 0 0 
411724190 435742266 14 10 0 
2799823455 2799823458 6 4 0 
288378696 288378703 14 14 0 
1107994840 1107997459 143 18 0 
3660348592 309758306 24 12 0 
309555980 309555979 12 0 0 
3636734249 3260217626 15 2 0 
1915363177 1915363053 14 5 0 
1885263508 1885263510 49 18 0 
30590280 442319393 12 6 0 
3257842675 1591359193 18 18 0 
1623515381 1623515384 6 3 0 
597621456 94947121 30 18 0 
305304746 305304744 15 3 0 
3437654004 3437654005 8 2 0 
247948533 810241920 31 18 0 
2172119320 260463672 17 1 0 
3183883873 3183883674 13 7 0 
2895398418 3070073695 5 2 0 
2832288544 2832288542 7 3 0 
1288355365 1288355364 10 4 0 
3780214861 3780214855 14 9 0 
2906143408 2906142214 18 18 0 
883073576 883073573 22 18 0 
19 10 100
89072005 4063222708 5 1 0 
2741603245 2741603242 11 3 0 
3962085711 3962085710 11 8 0 
259247491 259247473 21 10 0 
3037351222 3983005364 20 19 0 
903927361 1400539437 25 19 0 
294178000 294177786 47 7 0 
290473311 290473310 39 19 0 
3932286781 3932286782 3 0 0 
1547619716 451763057 27 19 0 
2421617730 2421617731 2 0 0 
1122658006 1122695368 74 19 0 
30738605 30738586 27 4 0 
3306442539 269899745 24 9 0 
94714154 94714153 128 19 0 
484174185 1340062324 21 0 0 
91779017 91779033 151 19 0 
853670910 853670903 17 2 0 
26738415 255561542 7 3 0 
270336415 349784989 14 10 0 
448748960 301747695 23 10 0 
3475196475 3475196474 2 0 0 
4177781545 1187412312 4 0 0 
1773416133 1773416129 4 3 0 
1560225690 1867602302 19 8 0 
3837564307 462000612 2 0 0 
471243067 620646836 88 3 0 
251698969 510690935 22 19 0 
482684214 482684211 52 19 0 
266838781 1728572001 129 6 0 
27446599 27446586 40 11 0 
2481850156 443954848 16 7 0 
1038624774 2463319268 8 0 0 
3978887332 3978887331 9 5 0 
311865090 311865421 69 19 0 
1766711447 1766711451 8 1 0 
706465815 706465754 33 19 0 
1694291847 472975023 42 4 0 
2186256978 2186256977 78 10 0 
2062722131 4122839292 12 6 0 
303803189 1020242445 32 19 0 
2506214834 294093959 6 4 0 
321605459 321605457 37 3 0 
63041086 63035175 39 19 0 
3127209139 3955524194 19 19 0 
450097316 2245582897 11 4 0 
728919097 728919002 35 19 0 
277674470 277674471 14 12 0 
281898651 281898655 45 19 0 
251895477 679683275 28 19 0 
514863338 514863340 6 5 0 
313098048 313098047 19 6 0 
1271841753 1271841756 17 10 0 
736712694 736712642 24 19 0 
63045789 63040005 44 19 0 
29723796 1529981223 28 19 0 
2346494032 2346494031 12 7 0 
650211807 650211809 10 5 0 
513110407 513110408 23 19 0 
276512107 414802812 6 1 0 
33061465 1379262917 19 14 0 
264113492 264113491 9 2 0 
1735671057 1735671055 91 12 0 
1263521409 1263520343 24 19 0 
417120269 1315528435 38 8 0 
40421725 40422073 37 8 0 
250072061 250072064 23 19 0 
2283313984 2283313995 29 0 0 
2204593685 2205912696 32 19 0 
260627788 260627789 14 4 0 
1260713106 1226835705 6 0 0 
262144731 3524354426 95 19 0 
247180241 247180240 133 19 0 
2400917933 2400917934 64 19 0 
288753495 288753487 40 19 0 
2419958151 2419958148 11 1 0 
411724190 435742266 14 11 0 
2799823455 2799823458 6 5 0 
288378703 3452218367 3 0 0 
1107994840 1107997459 143 19 0 
3660348592 309758306 24 13 0 
309555980 309555979 12 1 0 
3636734249 3260217626 15 3 0 
1915363177 1915363053 14 6 0 
1885263508 1885263510 49 19 0 
30590280 442319393 12 7 0 
1591359193 3230826611 18 0 0 
1623515381 1623515384 6 4 0 
597621456 94947121 30 19 0 
305304746 305304744 15 4 0 
3437654004 3437654005 8 3 0 
247948533 810241920 31 19 0 
2172119320 260463672 17 2 0 
3183883873 3183883674 13 8 0 
2895398418 3070073695 5 3 0 
2832288544 2832288542 7 4 0 
1288355365 1288355364 10 5 0 
3780214861 3780214855 14 10 0 
2906142214 770357071 5 0 0 
883073576 883073573 22 19 0 
20 10 100
89072005 4063222708 5 2 0 
2741603245 2741603242 11 4 0 
3962085711 3962085710 11 9 0 
259247491 259247473 21 11 0 
3037351222 3983005364 20 20 0 
903927361 1400539437 25 20 0 
294178000 294177786 47 8 0 
290473311 290473310 39 20 0 
3932286781 3932286782 3 1 0 
1547619716 451763057 27 20 0 
2421617730 2421617731 2 1 0 
1122658006 1122695368 74 20 0 
30738605 30738586 27 5 0 
3306442539 269899745 24 10 0 
94714154 94714153 128 20 0 
484174185 1340062324 21 1 0 
91779017 91779033 151 20 0 
853670910 853670903 17 3 0 
26738415 255561542 7 4 0 
270336415 349784989 14 11 0 
448748960 301747695 23 11 0 
3475196475 3475196474 2 1 0 
4177781545 1187412312 4 1 0 
1773416133 1773416129 4 4 0 
1560225690 1867602302 19 9 0 
3837564307 462000612 2 1 0 
471243067 620646836 88 4 0 
251698969 510690935 22 20 0 
482684214 482684211 52 20 0 
266838781 1728572001 129 7 0 
27446599 27446586 40 12 0 
2481850156 443954848 16 8 0 
1038624774 2463319268 8 1 0 
3978887332 3978887331 9 6 0 
311865090 311865421 69 20 0 
1766711447 1766711451 8 2 0 
706465815 706465754 33 20 0 
1694291847 472975023 42 5 0 
2186256978 2186256977 78 11 0 
2062722131 4122839292 12 7 0 
303803189 1020242445 32 20 0 
2506214834 294093959 6 5 0 
321605459 321605457 37 4 0 
63041086 63035175 39 20 0 
3955524194 3127209138 1 0 0 
450097316 2245582897 11 5 0 
728919097 728919002 35 20 0 
277674470 277674471 14 13 0 
281898651 281898655 45 20 0 
251895477 679683275 28 20 0 
514863338 514863340 6 6 0 
313098048 313098047 19 7 0 
1271841753 1271841756 17 11 0 
736712694 736712642 24 20 0 
63045789 63040005 44 20 0 
29723796 1529981223 28 20 0 
2346494032 2346494031 12 8 0 
650211807 650211809 10 6 0 
513110407 513110408 23 20 0 
276512107 414802812 6 2 0 
33061465 1379262917 19 15 0 
264113492 264113491 9 3 0 
1735671057 1735671055 91 13 0 
1263521409 1263520343 24 20 0 
417120269 1315528435 38 9 0 
40421725 40422073 37 9 0 
250072061 250072064 23 20 0 
2283313984 2283313995 29 1 0 
2204593685 2205912696 32 20 0 
260627788 260627789 14 5 0 
1260713106 1226835705 6 1 0 
262144731 3524354426 95 20 0 
247180241 247180240 133 20 0 
2400917933 2400917934 64 20 0 
288753495 288753487 40 20 0 
2419958151 2419958148 11 2 0 
411724190 435742266 14 12 0 
2799823455 2799823458 6 6 0 
288378703 3452218367 3 1 0 
1107994840 1107997459 143 20 0 
3660348592 309758306 24 14 0 
309555980 309555979 12 2 0 
3636734249 3260217626 15 4 0 
1915363177 1915363053 14 7 0 
1885263508 1885263510 49 20 0 
30590280 442319393 12 8 0 
1591359193 3230826611 18 1 0 
1623515381 1623515384 6 5 0 
597621456 94947121 30 20 0 
305304746 305304744 15 5 0 
3437654004 3437654005 8 4 0 
247948533 810241920 31 20 0 
2172119320 260463672 17 3 0 
3183883873 3183883674 13 9 0 
2895398418 3070073695 5 4 0 
2832288544 2832288542 7 5 0 
1288355365 1288355364 10 6 0 
3780214861 3780214855 14 11 0 
2906142214 770357071 5 1 0 
883073576 883073573 22 20 0 
21 10 100
89072005 4063222708 5 3 0 
2741603245 2741603242 11 5 0 
3962085711 3962085710 11 10 0 
259247491 259247473 21 12 0 
3983005364 1200731561 11 0 0 
903927361 1400539437 25 21 0 
294178000 294177786 47 9 0 
290473311 290473310 39 21 0 
3932286781 3932286782 3 2 0 
1547619716 451763057 27 21 0 
2421617730 2421617731 2 2 0 
1122658006 1122695368 74 21 0 
30738605 30738586 27 6 0 
3306442539 269899745 24 11 0 
94714154 94714153 128 21 0 
484174185 1340062324 21 2 0 
91779017 91779033 151 21 0 
853670910 853670903 17 4 0 
26738415 255561542 7 5 0 
270336415 349784989 14 12 0 
448748960 301747695 23 12 0 
3475196475 3475196474 2 2 0 
4177781545 1187412312 4 2 0 
1773416129 1773416123 3 0 0 
1560225690 1867602302 19 10 0 
3837564307 462000612 2 2 0 
471243067 620646836 88 5 0 
251698969 510690935 22 21 0 
482684214 482684211 52 21 0 
266838781 1728572001 129 8 0 
27446599 27446586 40 13 0 
2481850156 443954848 16 9 0 
1038624774 2463319268 8 2 0 
3978887332 3978887331 9 7 0 
311865090 311865421 69 21 0 
1766711447 1766711451 8 3 0 
706465815 706465754 33 21 0 
1694291847 472975023 42 6 0 
2186256978 2186256977 78 12 0 
2062722131 4122839292 12 8 0 
303803189 1020242445 32 21 0 
2506214834 294093959 6 6 0 
321605459 321605457 37 5 0 
63041086 63035175 39 21 0 
3955524194 3127209138 1 1 0 
450097316 2245582897 11 6 0 
728919097 728919002 35 21 0 
277674470 277674471 14 14 0 
281898651 281898655 45 21 0 
251895477 679683275 28 21 0 
514863340 3334132077 3 0 0 
313098048 313098047 19 8 0 
1271841753 1271841756 17 12 0 
736712694 736712642 24 21 0 
63045789 63040005 44 21 0 
29723796 1529981223 28 21 0 
2346494032 2346494031 12 9 0 
650211807 650211809 10 7 0 
513110407 513110408 23 21 0 
276512107 414802812 6 3 0 
33061465 1379262917 19 16 0 
264113492 264113491 9 4 0 
1735671057 1735671055 91 14 0 
1263521409 1263520343 24 21 0 
417120269 1315528435 38 10 0 
40421725 40422073 37 10 0 
250072061 250072064 23 21 0 
2283313984 2283313995 29 2 0 
2204593685 2205912696 32 21 0 
260627788 260627789 14 6 0 
1260713106 1226835705 6 2 0 
262144731 3524354426 95 21 0 
247180241 247180240 133 21 0 
2400917933 2400917934 64 21 0 
288753495 288753487 40 21 0 
2419958151 2419958148 11 3 0 
411724190 435742266 14 13 0 
2799823458 2799823478 8 0 0 
288378703 3452218367 3 2 0 
1107994840 1107997459 143 21 0 
3660348592 309758306 24 15 0 
309555980 309555979 12 3 0 
3636734249 3260217626 15 5 0 
1915363177 1915363053 14 8 0 
1885263508 1885263510 49 21 0 
30590280 442319393 12 9 0 
1591359193 3230826611 18 2 0 
1623515381 1623515384 6 6 0 
597621456 94947121 30 21 0 
305304746 305304744 15 6 0 
3437654004 3437654005 8 5 0 
247948533 810241920 31 21 0 
2172119320 260463672 17 4 0 
3183883873 3183883674 13 10 0 
2895398418 3070073695 5 5 0 
2832288544 2832288542 7 6 0 
1288355365 1288355364 10 7 0 
3780214861 3780214855 14 12 0 
2906142214 770357071 5 2 0 
883073576 883073573 22 21 0 
22 10 100
89072005 4063222708 5 4 0 
2741603245 2741603242 11 6 0 
3962085711 3962085710 11 11 0 
259247491 259247473 21 13 0 
3983005364 1200731561 11 1 0 
903927361 1400539437 25 22 0 
294178000 294177786 47 10 0 
290473311 290473310 39 22 0 
3932286781 3932286782 3 3 0 
1547619716 451763057 27 22 0 
2421617731 2421617745 10 0 0 
1122658006 1122695368 74 22 0 
30738605 30738586 27 7 0 
3306442539 269899745 24 12 0 
94714154 94714153 128 22 0 
484174185 1340062324 21 3 0 
91779017 91779033 151 22 0 
853670910 853670903 17 5 0 
26738415 255561542 7 6 0 
270336415 349784989 14 13 0 
448748960 301747695 23 13 0 
3475196474 3475196473 2 0 0 
4177781545 1187412312 4 3 0 
1773416129 1773416123 3 1 0 
1560225690 1867602302 19 11 0 
462000612 462000611 10 0 0 
471243067 620646836 88 6 0 
251698969 510690935 22 22 0 
482684214 482684211 52 22 0 
266838781 1728572001 129 9 0 
27446599 27446586 40 14 0 
2481850156 443954848 16 10 0 
1038624774 2463319268 8 3 0 
3978887332 3978887331 9 8 0 
311865090 311865421 69 22 0 
1766711447 1766711451 8 4 0 
706465815 706465754 33 22 0 
1694291847 472975023 42 7 0 
2186256978 2186256977 78 13 0 
2062722131 4122839292 12 9 0 
303803189 1020242445 32 22 0 
294093959 294093957 23 0 0 
321605459 321605457 37 6 0 
63041086 63035175 39 22 0 
3127209138 2805848586 29 0 0 
450097316 2245582897 11 7 0 
728919097 728919002 35 22 0 
277674471 277674470 14 0 0 
281898651 281898655 45 22 0 
251895477 679683275 28 22 0 
514863340 3334132077 3 1 0 
313098048 313098047 19 9 0 
1271841753 1271841756 17 13 0 
736712694 736712642 24 22 0 
63045789 63040005 44 22 0 
29723796 1529981223 28 22 0 
2346494032 2346494031 12 10 0 
650211807 650211809 10 8 0 
513110407 513110408 23 22 0 
276512107 414802812 6 4 0 
33061465 1379262917 19 17 0 
264113492 264113491 9 5 0 
1735671057 1735671055 91 15 0 
1263521409 1263520343 24 22 0 
417120269 1315528435 38 11 0 
40421725 40422073 37 11 0 
250072061 250072064 23 22 0 
2283313984 2283313995 29 3 0 
2204593685 2205912696 32 22 0 
260627788 260627789 14 7 0 
1260713106 1226835705 6 3 0 
262144731 3524354426 95 22 0 
247180241 247180240 133 22 0 
2400917933 2400917934 64 22 0 
288753495 288753487 40 22 0 
2419958151 2419958148 11 4 0 
411724190 435742266 14 14 0 
2799823458 2799823478 8 1 0 
288378703 3452218367 3 3 0 
1107994840 1107997459 143 22 0 
3660348592 309758306 24 16 0 
309555980 309555979 12 4 0 
3636734249 3260217626 15 6 0 
1915363177 1915363053 14 9 0 
1885263508 1885263510 49 22 0 
30590280 442319393 12 10 0 
1591359193 3230826611 18 3 0 
1623515384 1623515388 7 0 0 
597621456 94947121 30 22 0 
305304746 305304744 15 7 0 
3437654004 3437654005 8 6 0 
247948533 810241920 31 22 0 
2172119320 260463672 17 5 0 
3183883873 3183883674 13 11 0 
3070073695 3070073694 7 0 0 
2832288544 2832288542 7 7 0 
1288355365 1288355364 10 8 0 
3780214861 3780214855 14 13 0 
2906142214 770357071 5 3 0 
883073576 883073573 22 22 0 
23 10 100
89072005 4063222708 5 5 0 
2741603245 2741603242 11 7 0 
3962085710 2947798717 3 0 0 
259247491 259247473 21 14 0 
3983005364 1200731561 11 2 0 
903927361 1400539437 25 23 0 
294178000 294177786 47 11 0 
290473311 290473310 39 23 0 
3932286782 3932286783 2 0 0 
1547619716 451763057 27 23 0 
2421617731 2421617745 10 1 0 
1122658006 1122695368 74 23 0 
30738605 30738586 27 8 0 
3306442539 269899745 24 13 0 
94714154 94714153 128 23 0 
484174185 1340062324 21 4 0 
91779017 91779033 151 23 0 
853670910 853670903 17 6 0 
26738415 255561542 7 7 0 
270336415 349784989 14 14 0 
448748960 301747695 23 14 0 
3475196474 3475196473 2 1 0 
4177781545 1187412312 4 4 0 
1773416129 1773416123 3 2 0 
1560225690 1867602302 19 12 0 
462000612 462000611 10 1 0 
471243067 620646836 88 7 0 
510690935 2030370772 13 0 0 
482684214 482684211 52 23 0 
266838781 1728572001 129 10 0 
27446599 27446586 40 15 0 
2481850156 443954848 16 11 0 
1038624774 2463319268 8 4 0 
3978887332 3978887331 9 9 0 
311865090 311865421 69 23 0 
1766711447 1766711451 8 5 0 
706465815 706465754 33 23 0 
1694291847 472975023 42 8 0 
2186256978 2186256977 78 14 0 
2062722131 4122839292 12 10 0 
303803189 1020242445 32 23 0 
294093959 294093957 23 1 0 
321605459 321605457 37 7 0 
63041086 63035175 39 23 0 
3127209138 2805848586 29 1 0 
450097316 2245582897 11 8 0 
728919097 728919002 35 23 0 
277674471 277674470 14 1 0 
281898651 281898655 45 23 0 
251895477 679683275 28 23 0 
514863340 3334132077 3 2 0 
313098048 313098047 19 10 0 
1271841753 1271841756 17 14 0 
736712694 736712642 24 23 0 
63045789 63040005 44 23 0 
29723796 1529981223 28 23 0 
2346494032 2346494031 12 11 0 
650211807 650211809 10 9 0 
513110407 513110408 23 23 0 
276512107 414802812 6 5 0 
33061465 1379262917 19 18 0 
264113492 264113491 9 6 0 
1735671057 1735671055 91 16 0 
1263521409 1263520343 24 23 0 
417120269 1315528435 38 12 0 
40421725 40422073 37 12 0 
250072061 250072064 23 23 0 
2283313984 2283313995 29 4 0 
2204593685 2205912696 32 23 0 
260627788 260627789 14 8 0 
1260713106 1226835705 6 4 0 
262144731 3524354426 95 23 0 
247180241 247180240 133 23 0 
2400917933 2400917934 64 23 0 
288753495 288753487 40 23 0 
2419958151 2419958148 11 5 0 
435742266 435742267 9 0 0 
2799823458 2799823478 8 2 0 
3452218367 288378734 53 0 0 
1107994840 1107997459 143 23 0 
3660348592 309758306 24 17 0 
309555980 309555979 12 5 0 
3636734249 3260217626 15 7 0 
1915363177 1915363053 14 10 0 
1885263508 1885263510 49 23 0 
30590280 442319393 12 11 0 
1591359193 3230826611 18 4 0 
1623515384 1623515388 7 1 0 
597621456 94947121 30 23 0 
305304746 305304744 15 8 0 
3437654004 3437654005 8 7 0 
247948533 810241920 31 23 0 
2172119320 260463672 17 6 0 
3183883873 3183883674 13 12 0 
3070073695 3070073694 7 1 0 
2832288542 3410440684 12 0 0 
1288355365 1288355364 10 9 0 
3780214861 3780214855 14 14 0 
2906142214 770357071 5 4 0 
883073573 883073569 28 0 0 
24 10 100
4063222708 270335532 2 0 0 
2741603245 2741603242 11 8 0 
3962085710 2947798717 3 1 0 
259247491 259247473 21 15 0 
3983005364 1200731561 11 3 0 
903927361 1400539437 25 24 0 
294178000 294177786 47 12 0 
290473311 290473310 39 24 0 
3932286782 3932286783 2 1 0 
1547619716 451763057 27 24 0 
2421617731 2421617745 10 2 0 
1122658006 1122695368 74 24 0 
30738605 30738586 27 9 0 
3306442539 269899745 24 14 0 
94714154 94714153 128 24 0 
484174185 1340062324 21 5 0 
91779017 91779033 151 24 0 
853670910 853670903 17 7 0 
255561542 26738416 6 0 0 
349784989 349784979 8 0 0 
448748960 301747695 23 15 0 
3475196474 3475196473 2 2 0 
1187412312 4177781544 15 0 0 
1773416129 1773416123 3 3 0 
1560225690 1867602302 19 13 0 
462000612 462000611 10 2 0 
471243067 620646836 88 8 0 
510690935 2030370772 13 1 0 
482684214 482684211 52 24 0 
266838781 1728572001 129 11 0 
27446599 27446586 40 16 0 
2481850156 443954848 16 12 0 
1038624774 2463319268 8 5 0 
3978887331 3978887330 8 0 0 
311865090 311865421 69 24 0 
1766711447 1766711451 8 6 0 
706465815 706465754 33 24 0 
1694291847 472975023 42 9 0 
2186256978 2186256977 78 15 0 
2062722131 4122839292 12 11 0 
303803189 1020242445 32 24 0 
294093959 294093957 23 2 0 
321605459 321605457 37 8 0 
63041086 63035175 39 24 0 
3127209138 2805848586 29 2 0 
450097316 2245582897 11 9 0 
728919097 728919002 35 24 0 
277674471 277674470 14 2 0 
281898651 281898655 45 24 0 
251895477 679683275 28 24 0 
514863340 3334132077 3 3 0 
313098048 313098047 19 11 0 
1271841753 1271841756 17 15 0 
736712694 736712642 24 24 0 
63045789 63040005 44 24 0 
29723796 1529981223 28 24 0 
2346494032 2346494031 12 12 0 
650211807 650211809 10 10 0 
513110408 1351835980 42 0 0 
276512107 414802812 6 6 0 
33061465 1379262917 19 19 0 
264113492 264113491 9 7 0 
1735671057 1735671055 91 17 0 
1263521409 1263520343 24 24 0 
417120269 1315528435 38 13 0 
40421725 40422073 37 13 0 
250072064 1144059690 12 0 0 
2283313984 2283313995 29 5 0 
2204593685 2205912696 32 24 0 
260627788 260627789 14 9 0 
1260713106 1226835705 6 5 0 
262144731 3524354426 95 24 0 
247180241 247180240 133 24 0 
2400917933 2400917934 64 24 0 
288753495 288753487 40 24 0 
2419958151 2419958148 11 6 0 
435742266 435742267 9 1 0 
2799823458 2799823478 8 3 0 
3452218367 288378734 53 1 0 
1107994840 1107997459 143 24 0 
3660348592 309758306 24 18 0 
309555980 309555979 12 6 0 
3636734249 3260217626 15 8 0 
1915363177 1915363053 14 11 0 
1885263508 1885263510 49 24 0 
30590280 442319393 12 12 0 
1591359193 3230826611 18 5 0 
1623515384 1623515388 7 2 0 
597621456 94947121 30 24 0 
305304746 305304744 15 9 0 
3437654004 3437654005 8 8 0 
247948533 810241920 31 24 0 
2172119320 260463672 17 7 0 
3183883873 3183883674 13 13 0 
3070073695 3070073694 7 2 0 
2832288542 3410440684 12 1 0 
1288355365 1288355364 10 10 0 
3780214855 3780214851 34 0 0 
2906142214 770357071 5 5 0 
883073573 883073569 28 1 0 
25 10 100
4063222708 270335532 2 1 0 
2741603245 2741603242 11 9 0 
3962085710 2947798717 3 2 0 
259247491 259247473 21 16 0 
3983005364 1200731561 11 4 0 
903927361 1400539437 25 25 0 
294178000 294177786 47 13 0 
290473311 290473310 39 25 0 
3932286782 3932286783 2 2 0 
1547619716 451763057 27 25 0 
2421617731 2421617745 10 3 0 
1122658006 1122695368 74 25 0 
30738605 30738586 27 10 0 
3306442539 269899745 24 15 0 
94714154 94714153 128 25 0 
484174185 1340062324 21 6 0 
91779017 91779033 151 25 0 
853670910 853670903 17 8 0 
255561542 26738416 6 1 0 
349784989 349784979 8 1 0 
448748960 301747695 23 16 0 
3475196473 278496564 2 0 0 
1187412312 4177781544 15 1 0 
1773416123 1773416065 35 0 0 
1560225690 1867602302 19 14 0 
462000612 462000611 10 3 0 
471243067 620646836 88 9 0 
510690935 2030370772 13 2 0 
482684214 482684211 52 25 0 
266838781 1728572001 129 12 0 
27446599 27446586 40 17 0 
2481850156 443954848 16 13 0 
1038624774 2463319268 8 6 0 
3978887331 3978887330 8 1 0 
311865090 311865421 69 25 0 
1766711447 1766711451 8 7 0 
706465815 706465754 33 25 0 
1694291847 472975023 42 10 0 
2186256978 2186256977 78 16 0 
2062722131 4122839292 12 12 0 
303803189 1020242445 32 25 0 
294093959 294093957 23 3 0 
321605459 321605457 37 9 0 
63041086 63035175 39 25 0 
3127209138 2805848586 29 3 0 
450097316 2245582897 11 10 0 
728919097 728919002 35 25 0 
277674471 277674470 14 3 0 
281898651 281898655 45 25 0 
251895477 679683275 28 25 0 
3334132077 3334132075 2 0 0 
313098048 313098047 19 12 0 
1271841753 1271841756 17 16 0 
736712642 736712680 25 0 0 
63045789 63040005 44 25 0 
29723796 1529981223 28 25 0 
2346494031 60586561 13 0 0 
650211809 650211807 10 0 0 
513110408 1351835980 42 1 0 
414802812 414803516 16 0 0 
1379262917 3965132393 8 0 0 
264113492 264113491 9 8 0 
1735671057 1735671055 91 18 0 
1263520343 29364228 35 0 0 
417120269 1315528435 38 14 0 
40421725 40422073 37 14 0 
250072064 1144059690 12 1 0 
2283313984 2283313995 29 6 0 
2204593685 2205912696 32 25 0 
260627788 260627789 14 10 0 
1260713106 1226835705 6 6 0 
262144731 3524354426 95 25 0 
247180241 247180240 133 25 0 
2400917933 2400917934 64 25 0 
288753495 288753487 40 25 0 
2419958151 2419958148 11 7 0 
435742266 435742267 9 2 0 
2799823458 2799823478 8 4 0 
3452218367 288378734 53 2 0 
1107994840 1107997459 143 25 0 
3660348592 309758306 24 19 0 
309555980 309555979 12 7 0 
3636734249 3260217626 15 9 0 
1915363177 1915363053 14 12 0 
1885263508 1885263510 49 25 0 
442319393 520651477 4 0 0 
1591359193 3230826611 18 6 0 
1623515384 1623515388 7 3 0 
597621456 94947121 30 25 0 
305304746 305304744 15 10 0 
3437654005 3437654004 8 0 0 
247948533 810241920 31 25 0 
2172119320 260463672 17 8 0 
3183883674 3183883964 17 0 0 
3070073695 3070073694 7 3 0 
2832288542 3410440684 12 2 0 
1288355364 1288355362 19 0 0 
3780214855 3780214851 34 1 0 
770357071 2906143214 20 0 0 
883073573 883073569 28 2 0 
26 10 100
4063222708 270335532 2 2 0 
2741603245 2741603242 11 10 0 
3962085710 2947798717 3 3 0 
259247491 259247473 21 17 0 
3983005364 1200731561 11 5 0 
1400539437 34099291 41 0 0 
294178000 294177786 47 14 0 
290473311 290473310 39 26 0 
3932286783 3932286784 4 0 0 
1547619716 451763057 27 26 0 
2421617731 2421617745 10 4 0 
1122658006 1122695368 74 26 0 
30738605 30738586 27 11 0 
3306442539 269899745 24 16 0 
94714154 94714153 128 26 0 
484174185 1340062324 21 7 0 
91779017 91779033 151 26 0 
853670910 853670903 17 9 0 
255561542 26738416 6 2 0 
349784989 349784979 8 2 0 
448748960 301747695 23 17 0 
3475196473 278496564 2 1 0 
1187412312 4177781544 15 2 0 
1773416123 1773416065 35 1 0 
1560225690 1867602302 19 15 0 
462000612 462000611 10 4 0 
471243067 620646836 88 10 0 
510690935 2030370772 13 3 0 
482684214 482684211 52 26 0 
266838781 1728572001 129 13 0 
27446599 27446586 40 18 0 
2481850156 443954848 16 14 0 
1038624774 2463319268 8 7 0 
3978887331 3978887330 8 2 0 
311865090 311865421 69 26 0 
1766711447 1766711451 8 8 0 
706465815 706465754 33 26 0 
1694291847 472975023 42 11 0 
2186256978 2186256977 78 17 0 
4122839292 2062722133 16 0 0 
303803189 1020242445 32 26 0 
294093959 294093957 23 4 0 
321605459 321605457 37 10 0 
63041086 63035175 39 26 0 
3127209138 2805848586 29 4 0 
450097316 2245582897 11 11 0 
728919097 728919002 35 26 0 
277674471 277674470 14 4 0 
281898651 281898655 45 26 0 
251895477 679683275 28 26 0 
3334132077 3334132075 2 1 0 
313098048 313098047 19 13 0 
1271841753 1271841756 17 17 0 
736712642 736712680 25 1 0 
63045789 63040005 44 26 0 
29723796 1529981223 28 26 0 
2346494031 60586561 13 1 0 
650211809 650211807 10 1 0 
513110408 1351835980 42 2 0 
414802812 414803516 16 1 0 
1379262917 3965132393 8 1 0 
264113492 264113491 9 9 0 
1735671057 1735671055 91 19 0 
1263520343 29364228 35 1 0 
417120269 1315528435 38 15 0 
40421725 40422073 37 15 0 
250072064 1144059690 12 2 0 
2283313984 2283313995 29 7 0 
2204593685 2205912696 32 26 0 
260627788 260627789 14 11 0 
1226835705 1226835704 6 0 0 
262144731 3524354426 95 26 0 
247180241 247180240 133 26 0 
2400917933 2400917934 64 26 0 
288753495 288753487 40 26 0 
2419958151 2419958148 11 8 0 
435742266 435742267 9 3 0 
2799823458 2799823478 8 5 0 
3452218367 288378734 53 3 0 
1107994840 1107997459 143 26 0 
3660348592 309758306 24 20 0 
309555980 309555979 12 8 0 
3636734249 3260217626 15 10 0 
1915363177 1915363053 14 13 0 
1885263508 1885263510 49 26 0 
442319393 520651477 4 1 0 
1591359193 3230826611 18 7 0 
1623515384 1623515388 7 4 0 
597621456 94947121 30 26 0 
305304746 305304744 15 11 0 
3437654005 3437654004 8 1 0 
247948533 810241920 31 26 0 
2172119320 260463672 17 9 0 
3183883674 3183883964 17 1 0 
3070073695 3070073694 7 4 0 
2832288542 3410440684 12 3 0 
1288355364 1288355362 19 1 0 
3780214855 3780214851 34 2 0 
770357071 2906143214 20 1 0 
883073573 883073569 28 3 0 
27 10 100
270335532 89090354 2 0 0 
2741603245 2741603242 11 11 0 
2947798717 3099376531 4 0 0 
259247491 259247473 21 18 0 
3983005364 1200731561 11 6 0 
1400539437 34099291 41 1 0 
294178000 294177786 47 15 0 
290473311 290473310 39 27 0 
3932286783 3932286784 4 1 0 
1547619716 451763057 27 27 0 
2421617731 2421617745 10 5 0 
1122658006 1122695368 74 27 0 
30738605 30738586 27 12 0 
3306442539 269899745 24 17 0 
94714154 94714153 128 27 0 
484174185 1340062324 21 8 0 
91779017 91779033 151 27 0 
853670910 853670903 17 10 0 
255561542 26738416 6 3 0 
349784989 349784979 8 3 0 
448748960 301747695 23 18 0 
3475196473 278496564 2 2 0 
1187412312 4177781544 15 3 0 
1773416123 1773416065 35 2 0 
1560225690 1867602302 19 16 0 
462000612 462000611 10 5 0 
471243067 620646836 88 11 0 
510690935 2030370772 13 4 0 
482684214 482684211 52 27 0 
266838781 1728572001 129 14 0 
27446599 27446586 40 19 0 
2481850156 443954848 16 15 0 
1038624774 2463319268 8 8 0 
3978887331 3978887330 8 3 0 
311865090 311865421 69 27 0 
1766711451 1766711452 9 0 0 
706465815 706465754 33 27 0 
1694291847 472975023 42 12 0 
2186256978 2186256977 78 18 0 
4122839292 2062722133 16 1 0 
303803189 1020242445 32 27 0 
294093959 294093957 23 5 0 
321605459 321605457 37 11 0 
63041086 63035175 39 27 0 
3127209138 2805848586 29 5 0 
2245582897 2245582899 17 0 0 
728919097 728919002 35 27 0 
277674471 277674470 14 5 0 
281898651 281898655 45 27 0 
251895477 679683275 28 27 0 
3334132077 3334132075 2 2 0 
313098048 313098047 19 14 0 
1271841756 1271841757 4 0 0 
736712642 736712680 25 2 0 
63045789 63040005 44 27 0 
29723796 1529981223 28 27 0 
2346494031 60586561 13 2 0 
650211809 650211807 10 2 0 
513110408 1351835980 42 3 0 
414802812 414803516 16 2 0 
1379262917 3965132393 8 2 0 
264113491 264037846 9 0 0 
1735671057 1735671055 91 20 0 
1263520343 29364228 35 2 0 
417120269 1315528435 38 16 0 
40421725 40422073 37 16 0 
250072064 1144059690 12 3 0 
2283313984 2283313995 29 8 0 
2204593685 2205912696 32 27 0 
260627788 260627789 14 12 0 
1226835705 1226835704 6 1 0 
262144731 3524354426 95 27 0 
247180241 247180240 133 27 0 
2400917933 2400917934 64 27 0 
288753495 288753487 40 27 0 
2419958151 2419958148 11 9 0 
435742266 435742267 9 4 0 
2799823458 2799823478 8 6 0 
3452218367 288378734 53 4 0 
1107994840 1107997459 143 27 0 
3660348592 309758306 24 21 0 
309555980 309555979 12 9 0 
3636734249 3260217626 15 11 0 
1915363177 1915363053 14 14 0 
1885263508 1885263510 49 27 0 
442319393 520651477 4 2 0 
1591359193 3230826611 18 8 0 
1623515384 1623515388 7 5 0 
597621456 94947121 30 27 0 
305304746 305304744 15 12 0 
3437654005 3437654004 8 2 0 
247948533 810241920 31 27 0 
2172119320 260463672 17 10 0 
3183883674 3183883964 17 2 0 
3070073695 3070073694 7 5 0 
2832288542 3410440684 12 4 0 
1288355364 1288355362 19 2 0 
3780214855 3780214851 34 3 0 
770357071 2906143214 20 2 0 
883073573 883073569 28 4 0 
28 10 100
270335532 89090354 2 1 0 
2741603242 2741603239 13 0 0 
2947798717 3099376531 4 1 0 
259247491 259247473 21 19 0 
3983005364 1200731561 11 7 0 
1400539437 34099291 41 2 0 
294178000 294177786 47 16 0 
290473311 290473310 39 28 0 
3932286783 3932286784 4 2 0 
451763057 2984957842 98 0 0 
2421617731 2421617745 10 6 0 
1122658006 1122695368 74 28 0 
30738605 30738586 27 13 0 
3306442539 269899745 24 18 0 
94714154 94714153 128 28 0 
484174185 1340062324 21 9 0 
91779017 91779033 151 28 0 
853670910 853670903 17 11 0 
255561542 26738416 6 4 0 
349784989 349784979 8 4 0 
448748960 301747695 23 19 0 
278496564 683592223 2 0 0 
1187412312 4177781544 15 4 0 
1773416123 1773416065 35 3 0 
1560225690 1867602302 19 17 0 
462000612 462000611 10 6 0 
471243067 620646836 88 12 0 
510690935 2030370772 13 5 0 
482684214 482684211 52 28 0 
266838781 1728572001 129 15 0 
27446599 27446586 40 20 0 
2481850156 443954848 16 16 0 
2463319268 2463319255 42 0 0 
3978887331 3978887330 8 4 0 
311865090 311865421 69 28 0 
1766711451 1766711452 9 1 0 
706465815 706465754 33 28 0 
1694291847 472975023 42 13 0 
2186256978 2186256977 78 19 0 
4122839292 2062722133 16 2 0 
303803189 1020242445 32 28 0 
294093959 294093957 23 6 0 
321605459 321605457 37 12 0 
63041086 63035175 39 28 0 
3127209138 2805848586 29 6 0 
2245582897 2245582899 17 1 0 
728919097 728919002 35 28 0 
277674471 277674470 14 6 0 
281898651 281898655 45 28 0 
251895477 679683275 28 28 0 
3334132075 3334132024 11 0 0 
313098048 313098047 19 15 0 
1271841756 1271841757 4 1 0 
736712642 736712680 25 3 0 
63045789 63040005 44 28 0 
29723796 1529981223 28 28 0 
2346494031 60586561 13 3 0 
650211809 650211807 10 3 0 
513110408 1351835980 42 4 0 
414802812 414803516 16 3 0 
1379262917 3965132393 8 3 0 
264113491 264037846 9 1 0 
1735671057 1735671055 91 21 0 
1263520343 29364228 35 3 0 
417120269 1315528435 38 17 0 
40421725 40422073 37 17 0 
250072064 1144059690 12 4 0 
2283313984 2283313995 29 9 0 
2204593685 2205912696 32 28 0 
260627788 260627789 14 13 0 
1226835705 1226835704 6 2 0 
262144731 3524354426 95 28 0 
247180241 247180240 133 28 0 
2400917933 2400917934 64 28 0 
288753495 288753487 40 28 0 
2419958151 2419958148 11 10 0 
435742266 435742267 9 5 0 
2799823458 2799823478 8 7 0 
3452218367 288378734 53 5 0 
1107994840 1107997459 143 28 0 
3660348592 309758306 24 22 0 
309555980 309555979 12 10 0 
3636734249 3260217626 15 12 0 
1915363053 1915363100 11 0 0 
1885263508 1885263510 49 28 0 
442319393 520651477 4 3 0 
1591359193 3230826611 18 9 0 
1623515384 1623515388 7 6 0 
597621456 94947121 30 28 0 
305304746 305304744 15 13 0 
3437654005 3437654004 8 3 0 
247948533 810241920 31 28 0 
2172119320 260463672 17 11 0 
3183883674 3183883964 17 3 0 
3070073695 3070073694 7 6 0 
2832288542 3410440684 12 5 0 
1288355364 1288355362 19 3 0 
3780214855 3780214851 34 4 0 
770357071 2906143214 20 3 0 
883073573 883073569 28 5 0 
29 10 100
270335532 89090354 2 2 0 
2741603242 2741603239 13 1 0 
2947798717 3099376531 4 2 0 
259247491 259247473 21 20 0 
3983005364 1200731561 11 8 0 
1400539437 34099291 41 3 0 
294178000 294177786 47 17 0 
290473311 290473310 39 29 0 
3932286783 3932286784 4 3 0 
451763057 2984957842 98 1 0 
2421617731 2421617745 10 7 0 
1122658006 1122695368 74 29 0 
30738605 30738586 27 14 0 
3306442539 269899745 24 19 0 
94714154 94714153 128 29 0 
484174185 1340062324 21 10 0 
91779017 91779033 151 29 0 
853670910 853670903 17 12 0 
255561542 26738416 6 5 0 
349784989 349784979 8 5 0 
448748960 301747695 23 20 0 
278496564 683592223 2 1 0 
1187412312 4177781544 15 5 0 
1773416123 1773416065 35 4 0 
1560225690 1867602302 19 18 0 
462000612 462000611 10 7 0 
471243067 620646836 88 13 0 
510690935 2030370772 13 6 0 
482684214 482684211 52 29 0 
266838781 1728572001 129 16 0 
27446599 27446586 40 21 0 
443954848 706708792 13 0 0 
2463319268 2463319255 42 1 0 
3978887331 3978887330 8 5 0 
311865090 311865421 69 29 0 
1766711451 1766711452 9 2 0 
706465815 706465754 33 29 0 
1694291847 472975023 42 14 0 
2186256978 2186256977 78 20 0 
4122839292 2062722133 16 3 0 
303803189 1020242445 32 29 0 
294093959 294093957 23 7 0 
321605459 321605457 37 13 0 
63041086 63035175 39 29 0 
3127209138 2805848586 29 7 0 
2245582897 2245582899 17 2 0 
728919097 728919002 35 29 0 
277674471 277674470 14 7 0 
281898651 281898655 45 29 0 
679683275 679683273 4 0 0 
3334132075 3334132024 11 1 0 
313098048 313098047 19 16 0 
1271841756 1271841757 4 2 0 
736712642 736712680 25 4 0 
63045789 63040005 44 29 0 
1529981223 1529981235 103 0 0 
2346494031 60586561 13 4 0 
650211809 650211807 10 4 0 
513110408 1351835980 42 5 0 
414802812 414803516 16 4 0 
1379262917 3965132393 8 4 0 
264113491 264037846 9 2 0 
1735671057 1735671055 91 22 0 
1263520343 29364228 35 4 0 
417120269 1315528435 38 18 0 
40421725 40422073 37 18 0 
250072064 1144059690 12 5 0 
2283313984 2283313995 29 10 0 
2204593685 2205912696 32 29 0 
260627788 260627789 14 14 0 
1226835705 1226835704 6 3 0 
262144731 3524354426 95 29 0 
247180241 247180240 133 29 0 
2400917933 2400917934 64 29 0 
288753495 288753487 40 29 0 
2419958151 2419958148 11 11 0 
435742266 435742267 9 6 0 
2799823458 2799823478 8 8 0 
3452218367 288378734 53 6 0 
1107994840 1107997459 143 29 0 
3660348592 309758306 24 23 0 
309555980 309555979 12 11 0 
3636734249 3260217626 15 13 0 
1915363053 1915363100 11 1 0 
1885263508 1885263510 49 29 0 
442319393 520651477 4 4 0 
1591359193 3230826611 18 10 0 
1623515384 1623515388 7 7 0 
597621456 94947121 30 29 0 
305304746 305304744 15 14 0 
3437654005 3437654004 8 4 0 
247948533 810241920 31 29 0 
2172119320 260463672 17 12 0 
3183883674 3183883964 17 4 0 
3070073695 3070073694 7 7 0 
2832288542 3410440684 12 6 0 
1288355364 1288355362 19 4 0 
3780214855 3780214851 34 5 0 
770357071 2906143214 20 4 0 
883073573 883073569 28 6 0 
