20246257 52.5156 13.389
25661289 52.5153 13.3845
25661366 52.5123 13.383
25661372 52.5115 13.3834
25661386 52.5146 13.3862
25661397 52.5167 13.3858
25661963 52.5145 13.3848
25661966 52.5137 13.3864
25661967 52.5128 13.3865
25661969 52.5119 13.3867
25661973 52.5124 13.384
25661976 52.5118 13.3845
25661981 52.5111 13.3817
25661984 52.511 13.381
25661991 52.512 13.3809
25661994 52.512 13.3819
25662041 52.511 13.3868
25662047 52.5127 13.3855
25662542 52.5155 13.3861
25662552 52.5163 13.3808
25662705 52.5157 13.3909
25662710 52.5149 13.3911
25662738 52.5159 13.3929
25662916 52.5148 13.3892
25662928 52.5139 13.3893
25662931 52.513 13.3895
25663142 52.5113 13.3917
25663150 52.5115 13.3936
25663154 52.5112 13.3898
25663395 52.5102 13.3874
25663436 52.5097 13.3939
25663498 52.51 13.3842
25663713 52.5116 13.3966
25663714 52.5125 13.3965
25663722 52.5152 13.3968
25663747 52.5104 13.3918
25664779 52.517 13.3907
26708008 52.514 13.3821
29207416 52.5162 13.3952
29207417 52.5162 13.3953
29207418 52.5152 13.3955
29207423 52.5158 13.3996
29207424 52.5159 13.3999
29207432 52.5163 13.3991
29207433 52.5156 13.3987
29207822 52.5106 13.3938
29207823 52.5111 13.4004
29207824 52.5108 13.3967
29207825 52.5109 13.398
29207827 52.5108 13.3937
29207828 52.511 13.3967
29207829 52.5112 13.4002
29207837 52.5143 13.397
29207838 52.5133 13.3956
29207839 52.5132 13.3962
29207840 52.5133 13.3972
29207842 52.5132 13.3993
29207844 52.5116 13.3971
29207845 52.5115 13.3977
29207846 52.5117 13.3995
29207847 52.512 13.4001
29207849 52.5133 13.4017
29207850 52.5149 13.4002
29207858 52.5129 13.3981
29207867 52.5137 13.4012
29208248 52.51 13.3981
30507148 52.5158 13.3997
160511955 52.5145 13.4004
160514854 52.5154 13.3979
160543091 52.5172 13.3983
197365200 52.5124 13.3842
262456267 52.5124 13.3842
262457655 52.5142 13.3955
262480689 52.5136 13.385
262480762 52.5109 13.3868
262525631 52.5159 13.3935
262527280 52.5169 13.3933
262527281 52.517 13.3933
262527499 52.5167 13.3934
262527500 52.5166 13.3933
262527502 52.5165 13.3933
262527503 52.5165 13.3933
262527504 52.5163 13.3933
262527505 52.5163 13.3933
262527506 52.5163 13.3933
262527507 52.5162 13.3934
262527509 52.5162 13.3934
262527510 52.516 13.3935
266540992 52.5123 13.3994
266540993 52.5129 13.4
266540994 52.5117 13.401
266540996 52.5126 13.4009
266540997 52.512 13.4003
271388393 52.5164 13.3824
271747430 52.5116 13.3846
271747437 52.511 13.3849
272441719 52.5118 13.3833
272441720 52.5112 13.3835
283035793 52.5128 13.3964
283035794 52.5154 13.398
283038322 52.5113 13.4008
283038323 52.5111 13.4009
283038325 52.5113 13.4011
283038326 52.5112 13.4012
283039340 52.514 13.3912
283039342 52.5131 13.3914
283039343 52.5122 13.3916
283039344 52.515 13.393
283039345 52.5141 13.3932
283039346 52.5132 13.3933
283039347 52.5123 13.3935
283045466 52.5111 13.401
283045467 52.5112 13.4013
353646379 52.5151 13.3946
353646382 52.516 13.3944
365516587 52.5159 13.393
365516692 52.5159 13.3932
365516693 52.5159 13.3935
365516694 52.516 13.3941
365516784 52.5162 13.3947
367941434 52.5114 13.3886
367941437 52.5118 13.3885
452948253 52.5171 13.3984
515159594 52.5108 13.3868
519475950 52.5132 13.3973
519476420 52.5133 13.3953
519476614 52.5132 13.3972
538607199 52.5125 13.3841
538794859 52.5164 13.3933
538796567 52.5159 13.3924
538821758 52.5128 13.3962
538821760 52.5128 13.3961
538821761 52.5128 13.396
538821762 52.5128 13.396
538821763 52.513 13.3961
538821764 52.5131 13.3962
538821786 52.5129 13.3963
538822638 52.5124 13.3949
538822640 52.5133 13.3959
538824779 52.5115 13.3975
538824780 52.5116 13.3969
542451326 52.5145 13.3854
542494290 52.5141 13.3826
542494293 52.5142 13.383
542494298 52.5143 13.3839
545036683 52.5147 13.3983
545036746 52.5145 13.3973
545036879 52.5146 13.3977
545040621 52.5135 13.399
545040629 52.5134 13.3991
545040631 52.5133 13.3992
545050162 52.5128 13.3999
545107848 52.5123 13.3857
545110995 52.5121 13.3859
545111003 52.5118 13.3846
545114208 52.5116 13.3847
545118231 52.5114 13.3836
545118672 52.5116 13.3835
545119977 52.5119 13.386
545120091 52.5128 13.386
545164353 52.515 13.3846
546244415 52.5107 13.3927
546246735 52.5107 13.3924
546292296 52.5112 13.3999
546293506 52.5125 13.3934
546293511 52.5124 13.3942
546293514 52.5124 13.3946
546293519 52.5128 13.3967
546293533 52.5125 13.399
601267000 52.511 13.3998
606986455 52.5122 13.39
606986501 52.5121 13.3896
606986502 52.5121 13.3893
606986503 52.5121 13.389
606986883 52.512 13.389
606986884 52.5121 13.3893
606986885 52.5121 13.3896
606986901 52.5121 13.3901
607164920 52.5141 13.3863
607164924 52.5137 13.387
609711993 52.5136 13.3857
609711996 52.5128 13.3858
640500986 52.5107 13.3925
640500992 52.5106 13.3923
689828879 52.516 13.3985
697321236 52.5158 13.3986
697321237 52.5161 13.3984
702043548 52.5163 13.3977
702049445 52.5121 13.402
802152937 52.516 13.3966
825188268 52.5159 13.3935
825188275 52.5171 13.3933
825188297 52.5162 13.3951
825188330 52.516 13.394
960119785 52.5119 13.386
970745839 52.5157 13.3997
991584294 52.5137 13.3932
1001074214 52.5108 13.396
1001074218 52.5108 13.3964
1041979356 52.5114 13.393
1041979358 52.5112 13.3917
1041979360 52.5112 13.3919
1041979407 52.5112 13.3929
1141824924 52.5106 13.3925
1204940509 52.5123 13.3928
1204940516 52.5121 13.3929
1204940520 52.5122 13.3935
1206481791 52.5156 13.3888
1206481798 52.5157 13.3886
1206481803 52.5157 13.3883
1206481808 52.5156 13.3881
1217706311 52.5122 13.3929
1217706312 52.5121 13.3933
1263283300 52.5108 13.394
1263283302 52.5108 13.3935
1263283307 52.5107 13.3941
1263283312 52.5106 13.3935
1349668349 52.5119 13.4025
1419121873 52.5163 13.3908
1587088036 52.5162 13.3971
1602223935 52.5113 13.3936
1602223938 52.5113 13.3938
1602223940 52.5113 13.3943
1602223954 52.5114 13.3946
1602223956 52.5114 13.3958
1602223959 52.5114 13.3959
1602223960 52.5115 13.3945
1602223961 52.5116 13.3959
1602223962 52.5116 13.3968
1602595953 52.5118 13.3998
1602716235 52.514 13.3912
1602716238 52.5147 13.3911
1602745846 52.5105 13.392
1602745847 52.5106 13.3922
1604528457 52.5115 13.3983
1604528506 52.5125 13.399
1759358529 52.5119 13.4005
1759358530 52.5121 13.4
1772850069 52.5115 13.4014
1794029431 52.5159 13.3909
1794029432 52.5169 13.3907
1818648902 52.5103 13.3899
1986489454 52.5114 13.3948
1986489455 52.5123 13.4014
1991146585 52.5154 13.3955
2045820585 52.5162 13.3889
2045905002 52.5138 13.4011
2055689772 52.5164 13.3831
2055689782 52.5164 13.3837
2055804552 52.5154 13.3856
2055804554 52.5156 13.3856
2055804555 52.5156 13.3855
2055804556 52.5157 13.3855
2055804557 52.5162 13.3841
2055804558 52.5163 13.3854
2055804923 52.5157 13.3855
2055808358 52.5154 13.3842
2055808359 52.5156 13.3842
2055808360 52.5157 13.3842
2055808361 52.516 13.3842
2055808362 52.5163 13.3859
2055808363 52.5164 13.388
2055808883 52.5163 13.3852
2055808885 52.5165 13.3831
2055808886 52.5165 13.3837
2055808887 52.5166 13.3851
2071423309 52.514 13.3892
2071423310 52.514 13.3894
2071423321 52.5143 13.3892
2071423323 52.5143 13.3893
2071423328 52.5143 13.3893
2071423329 52.5143 13.3892
2071423333 52.5145 13.3892
2071423335 52.5149 13.3892
2071423336 52.5151 13.3891
2071423337 52.5151 13.3892
2071423345 52.5153 13.389
2071423347 52.5153 13.3892
2071423355 52.5154 13.389
2071423357 52.5154 13.3891
2074479795 52.5112 13.3825
2098466418 52.5104 13.3898
2098466425 52.5104 13.3899
2098466583 52.5112 13.3897
2098466586 52.5112 13.3898
2098466746 52.512 13.3891
2098466773 52.5121 13.39
2098466775 52.5121 13.3889
2098466855 52.5121 13.3891
2157008985 52.5161 13.394
2157008989 52.5171 13.3939
2247733130 52.509 13.3971
2264199819 52.5169 13.3888
2264260515 52.5165 13.3852
2267949122 52.516 13.3942
2435495979 52.515 13.3929
2435495981 52.515 13.3933
2435495986 52.5151 13.3953
2435495987 52.5151 13.3957
2441580788 52.5165 13.3834
2448311565 52.5112 13.3886
2476921848 52.5115 13.3885
2659151542 52.5156 13.3929
2659182538 52.5113 13.4009
2751386067 52.5127 13.3985
2751386069 52.5128 13.3982
2882465305 52.5156 13.3876
2882465310 52.5161 13.3875
2882465311 52.5161 13.388
2882465317 52.5164 13.3865
2882465322 52.5164 13.3875
2882465323 52.5164 13.388
2959830774 52.5114 13.3897
3073854003 52.5114 13.3837
3073854015 52.5116 13.3836
3073855666 52.5119 13.3861
3073855671 52.5119 13.3863
3073855699 52.5119 13.3863
3073855712 52.5121 13.3893
3093498329 52.5162 13.3834
3093498429 52.5162 13.3833
3093498430 52.5163 13.3835
3093498431 52.5163 13.3832
3093498432 52.5163 13.3831
3093498433 52.5163 13.3837
3093498529 52.5163 13.3836
3097317200 52.5165 13.3984
3097456724 52.5104 13.384
3102589353 52.5137 13.3947
3102589402 52.5142 13.3946
3114557938 52.5133 13.3951
3168358968 52.5123 13.4016
3168358972 52.5122 13.4017
3213617617 52.5113 13.3939
3213617890 52.5113 13.393
3213617891 52.5113 13.3919
3213617900 52.5113 13.3916
3213617913 52.5114 13.3945
3213617931 52.5114 13.3945
3213618590 52.5131 13.3989
3213618795 52.5139 13.3947
3213618837 52.514 13.3947
3327334153 52.5159 13.386
3345447362 52.5152 13.3821
3345490415 52.5153 13.3833
3345490416 52.5153 13.3843
3345490417 52.5154 13.3833
3345490418 52.5155 13.3833
3345490419 52.5159 13.3828
3345490420 52.5159 13.3832
3345490421 52.5161 13.3827
3345707083 52.5099 13.3969
3345715601 52.5103 13.3968
3347616308 52.5122 13.3827
3347616379 52.5138 13.3819
3347616381 52.5139 13.3818
3352479223 52.5108 13.3958
3352479224 52.5109 13.3958
3352479250 52.5112 13.4005
3378458787 52.5159 13.3932
3378458788 52.5159 13.3936
3378458792 52.516 13.3936
3380065527 52.5114 13.3832
3380069005 52.5138 13.3839
3380069030 52.5143 13.3836
3425667212 52.5136 13.3823
3528023800 52.5121 13.3899
3528023801 52.5121 13.389
3528023803 52.5144 13.3931
3528023804 52.5128 13.3934
3528023806 52.5122 13.3899
3748722427 52.5113 13.401
3748722442 52.5116 13.4011
3767874484 52.5144 13.3846
3767874485 52.5145 13.385
3767874486 52.5145 13.3856
3767874519 52.5164 13.3811
3767874524 52.5165 13.3859
3767874527 52.5166 13.3858
3786848444 52.5111 13.3997
3786860485 52.5108 13.3944
3786860486 52.5109 13.3956
3788211614 52.5107 13.398
3792738018 52.513 13.3883
3792738020 52.5129 13.3883
3792738025 52.5137 13.3882
3792738033 52.5138 13.3882
3803663113 52.514 13.3823
3803663142 52.514 13.3823
3869306766 52.5148 13.3897
3869306767 52.5148 13.3898
3869306770 52.5164 13.3889
3869306773 52.5151 13.3952
3869306774 52.5152 13.3971
3870475232 52.512 13.3831
3884583014 52.5162 13.3891
3922677102 52.5106 13.3934
3922677112 52.5107 13.3949
3922677117 52.5108 13.3941
3922677124 52.5109 13.3983
3922677127 52.511 13.3937
3922677130 52.511 13.3937
3922677139 52.5111 13.3983
3922683943 52.5115 13.3938
3922684620 52.5112 13.3967
3922684628 52.5113 13.3886
3922684661 52.5114 13.3935
3922684676 52.5139 13.3983
3922684678 52.514 13.3987
3922684684 52.5147 13.3982
3922684686 52.5148 13.3983
3922684687 52.5148 13.3984
3922684691 52.5148 13.3983
3922684758 52.5116 13.3993
3922684804 52.5118 13.4006
3922684809 52.5119 13.3866
3922684810 52.5119 13.3885
3922684816 52.512 13.3865
3922684820 52.512 13.3884
3922684833 52.5122 13.3917
3922684834 52.5122 13.3919
3922684835 52.5122 13.3924
3922684840 52.5123 13.3917
3922684842 52.5123 13.3925
3922684843 52.5123 13.3919
3922684845 52.5123 13.3923
3922685057 52.5124 13.395
3922685058 52.5125 13.3957
3922685059 52.5125 13.3956
3922685074 52.5128 13.3965
3922685075 52.5128 13.3965
3922685076 52.5128 13.3965
3922685078 52.5128 13.3965
3922685080 52.5128 13.3999
3922685118 52.5131 13.3963
3922685120 52.5132 13.3963
3922685122 52.5132 13.397
3922685124 52.5132 13.3969
3922685126 52.5132 13.3964
3922685130 52.5132 13.397
3922685131 52.5133 13.397
3922685132 52.5133 13.397
3922685133 52.5133 13.3969
3922685134 52.5133 13.3969
3922685137 52.5133 13.3943
3922694887 52.5149 13.3918
4015961303 52.5114 13.3897
4132421290 52.5105 13.398
4132421294 52.5108 13.398
4132421333 52.5102 13.3981
4177965507 52.5153 13.398
4177965509 52.5155 13.3982
4177965510 52.5153 13.398
4177965512 52.5154 13.3978
4177965513 52.5154 13.3977
4177965514 52.5155 13.3981
4178061926 52.5117 13.3965
4178061927 52.5116 13.3967
4451098200 52.5114 13.4016
4489578369 52.5109 13.3982
4489578371 52.5111 13.3984
4513758581 52.5105 13.3899
4513758890 52.5105 13.3898
4513758911 52.511 13.3898
4513758912 52.511 13.3897
4513758913 52.5111 13.3897
4513758914 52.5112 13.3897
4513758915 52.5112 13.3897
4513758916 52.5112 13.3898
4513758917 52.5112 13.3898
4513758918 52.5112 13.3898
4513758919 52.5112 13.3898
4513758921 52.5105 13.3899
4513758922 52.5105 13.3899
4513758923 52.5104 13.3899
4513758924 52.5104 13.3899
4513758925 52.5104 13.3899
4513758926 52.5105 13.3898
4513758927 52.5105 13.3898
4591015614 52.5148 13.389
4591015618 52.5147 13.3892
4591015622 52.5148 13.3894
4591015626 52.5149 13.3892
4605644825 52.511 13.3897
4605644826 52.511 13.3898
4605644829 52.5109 13.3898
4605644830 52.5109 13.3898
4605644857 52.5113 13.3835
4605644862 52.512 13.386
4605644865 52.5117 13.3845
4605644868 52.5116 13.3833
4605728246 52.5121 13.3916
4605728248 52.5123 13.3915
4605728249 52.5123 13.3921
4605728250 52.5123 13.3921
4605728251 52.5122 13.3921
4605728252 52.5122 13.3921
4605728266 52.5123 13.3919
4605728267 52.5122 13.3919
4605728268 52.5122 13.3922
4605728269 52.5123 13.3922
4605728270 52.5123 13.3922
4605728271 52.5123 13.3922
4605728272 52.5123 13.3922
4605728273 52.5123 13.3917
4605728274 52.5123 13.3917
4605728275 52.5122 13.3917
4605728276 52.5122 13.3917
4605728277 52.5122 13.3917
4605728280 52.5105 13.3898
4605728281 52.5105 13.3899
4605728288 52.512 13.3896
4605728802 52.5121 13.3898
4605728803 52.5122 13.3898
4605728806 52.5122 13.3896
4605728811 52.5112 13.3899
4605728820 52.5112 13.3896
4683353417 52.5131 13.3883
4683353418 52.5131 13.3883
4683353419 52.5136 13.3882
4692172068 52.5152 13.3823
