26754909 47.5379 21.622
26754910 47.5371 21.622
26754912 47.5365 21.622
26754913 47.5356 21.6217
26754915 47.5344 21.621
26754916 47.5335 21.6205
26754917 47.5321 21.6207
26754919 47.5311 21.6211
26755459 47.5417 21.6098
98239772 47.531 21.6402
98239774 47.5308 21.6413
98239775 47.5308 21.6421
98239776 47.5309 21.6423
98242918 47.5319 21.6427
130364275 47.5219 21.6319
130364276 47.522 21.6315
130364279 47.5223 21.6313
130364280 47.5224 21.6313
130364282 47.5225 21.6314
130364283 47.5226 21.6316
130364285 47.5226 21.632
130364288 47.5225 21.6322
130364733 47.536 21.6388
130364734 47.5358 21.6389
130364735 47.5354 21.639
130364736 47.5326 21.6397
130364737 47.5319 21.6398
130364738 47.5315 21.6398
130364739 47.5313 21.6398
130364740 47.5301 21.6393
130364741 47.5299 21.6393
130364742 47.5278 21.6382
130364743 47.5271 21.638
130364744 47.5268 21.6378
130364746 47.5257 21.6366
130364747 47.5227 21.634
130364748 47.5222 21.6334
196219960 47.5218 21.6214
196219961 47.5221 21.621
196219962 47.5236 21.6198
207408574 47.5275 21.6356
207408575 47.5275 21.6361
207408578 47.5275 21.6363
207408582 47.5273 21.6366
207408583 47.527 21.637
207408586 47.5262 21.6388
207408589 47.5247 21.6417
207408590 47.5244 21.643
207408592 47.522 21.6497
207427447 47.5267 21.6377
207531272 47.5274 21.6339
207531707 47.521 21.6543
220792409 47.5362 21.6402
220796635 47.5316 21.6398
220796636 47.532 21.6399
220796638 47.5323 21.6401
220796640 47.5333 21.6404
220796643 47.5342 21.6407
220796645 47.5352 21.6405
220802061 47.5217 21.627
220805175 47.5181 21.6204
220807690 47.5205 21.6204
220811236 47.5218 21.6323
243201644 47.5289 21.6138
243201645 47.5294 21.6129
243201646 47.5297 21.6121
243201647 47.5308 21.6112
243201648 47.5311 21.6112
243201649 47.5317 21.6111
243201651 47.5321 21.6112
243201653 47.5339 21.6119
243201654 47.5345 21.6123
243201656 47.5349 21.6123
243201657 47.5356 21.612
243201672 47.534 21.612
243201683 47.5342 21.6127
243201684 47.5341 21.6131
243201685 47.534 21.6137
243201688 47.5343 21.6183
243201690 47.5345 21.6206
243201691 47.5344 21.6207
243201692 47.5343 21.6209
243202101 47.5345 21.6217
243202103 47.5346 21.6228
243202104 47.5346 21.6253
243202107 47.5345 21.627
243202108 47.5344 21.628
243202109 47.5343 21.6282
243202110 47.5343 21.6284
243202111 47.5343 21.6285
243202113 47.5335 21.6292
243202114 47.5329 21.6297
243202115 47.5327 21.6299
243202116 47.5318 21.6308
243202117 47.5316 21.631
243202118 47.5312 21.6312
243202119 47.5309 21.6313
243202120 47.5297 21.6315
243202122 47.5282 21.6319
243202123 47.5273 21.6321
243202124 47.5253 21.6326
248947673 47.527 21.6337
248947674 47.5273 21.6339
248947703 47.5251 21.6331
248947704 47.5251 21.633
248947708 47.5251 21.6326
248947730 47.525 21.6333
248947744 47.5262 21.6344
248947746 47.5267 21.6333
248947747 47.5266 21.6326
248947748 47.5265 21.6325
248947749 47.5264 21.6325
248947768 47.5263 21.6264
248947769 47.5264 21.6265
248947770 47.5266 21.627
248947777 47.5253 21.6327
248947792 47.53 21.6315
248948059 47.53 21.6376
248948145 47.5305 21.6344
248948146 47.5294 21.6285
248948148 47.5289 21.6253
248948282 47.5302 21.636
248948283 47.5305 21.6346
248948589 47.5337 21.6319
248950178 47.5382 21.6236
249427411 47.522 21.6499
249427931 47.5247 21.6326
249427932 47.5243 21.6326
249427933 47.5241 21.6326
249427934 47.5238 21.6326
249427935 47.5235 21.6325
249427936 47.5222 21.6323
249428010 47.5225 21.6327
249428011 47.5226 21.6329
249428012 47.5226 21.633
249428013 47.5226 21.6332
249428014 47.5226 21.6333
249428015 47.5226 21.6334
249428016 47.5225 21.6334
249428017 47.5225 21.6335
249428018 47.5224 21.6335
249428019 47.5223 21.6335
249428115 47.5263 21.6265
249428117 47.5262 21.6263
249428118 47.5262 21.6262
249428119 47.526 21.6255
249428121 47.5259 21.6248
249428124 47.5254 21.6235
249428133 47.5241 21.6209
249428272 47.5265 21.6263
249428806 47.529 21.6137
249428807 47.5292 21.6136
249428808 47.5292 21.6135
249428809 47.5293 21.6135
249428810 47.5294 21.6136
249428814 47.5297 21.6148
249428815 47.5298 21.6157
249428816 47.53 21.6166
249428819 47.5307 21.6199
249428820 47.5309 21.6207
249428821 47.5313 21.6217
249428823 47.5315 21.6228
249428824 47.5317 21.6234
249428857 47.5318 21.6226
249428860 47.5322 21.6224
249428861 47.5324 21.6224
249428867 47.5324 21.6206
249428924 47.5329 21.6205
249428982 47.5345 21.6211
249428985 47.5345 21.6213
249782170 47.5362 21.6176
250123945 47.5275 21.6354
253836558 47.5314 21.6384
253836559 47.5316 21.639
253836603 47.5362 21.6366
253837644 47.5358 21.6358
253837650 47.5324 21.6376
253837669 47.5312 21.6382
265482747 47.5195 21.6588
266610850 47.5286 21.6137
266610851 47.5285 21.6137
266610852 47.528 21.6144
266610853 47.5279 21.6146
266771548 47.5273 21.6079
266771549 47.5294 21.6088
266771656 47.5298 21.6109
267170174 47.5221 21.6336
267170175 47.5223 21.6337
267170176 47.5227 21.6341
267170177 47.5228 21.6342
267390053 47.5285 21.6234
267390054 47.5282 21.6224
267390055 47.528 21.622
267390056 47.527 21.6197
267390057 47.5267 21.6189
267390058 47.5263 21.6179
276211631 47.5343 21.6122
276211747 47.5345 21.6079
276373044 47.5316 21.6279
276373046 47.531 21.626
276373058 47.5292 21.6272
276373078 47.5306 21.6263
276373079 47.53 21.6267
276373083 47.5305 21.626
276373084 47.5301 21.6264
309274098 47.5366 21.6278
309274176 47.5379 21.6315
312627685 47.5221 21.618
312628058 47.5209 21.6081
312628243 47.5211 21.6083
312628244 47.5246 21.6134
312628245 47.5247 21.6135
312628246 47.5248 21.6137
312628247 47.5253 21.6152
312628572 47.5251 21.6194
312628573 47.5255 21.6203
312628574 47.5258 21.6211
312628575 47.5265 21.623
312628576 47.5269 21.6243
312628830 47.5273 21.626
312630878 47.5303 21.6357
312631185 47.5277 21.6364
312631341 47.53 21.6356
312631342 47.5299 21.6356
312631343 47.5291 21.636
312631344 47.5287 21.6361
312631345 47.5279 21.6361
312631346 47.5278 21.6361
312631693 47.5228 21.6168
320766476 47.5241 21.6273
320766477 47.523 21.628
320766584 47.5228 21.6278
320766585 47.5229 21.6278
320766587 47.5232 21.6288
320766588 47.5232 21.6292
320766589 47.5232 21.6303
320766709 47.5235 21.6303
320766710 47.5236 21.6304
320766711 47.5248 21.6317
320766712 47.5251 21.632
320766713 47.5251 21.6321
320900455 47.5315 21.6277
320900594 47.5313 21.6311
320900798 47.5306 21.6281
320900801 47.5313 21.6308
320900840 47.5304 21.6282
320900874 47.5302 21.6275
320901282 47.5298 21.6284
320904614 47.5274 21.6335
320904723 47.5304 21.635
320904752 47.5295 21.6331
320904753 47.53 21.633
320904825 47.5299 21.6322
320904828 47.5303 21.6345
330595862 47.5294 21.6439
336583277 47.5281 21.6148
336584064 47.5272 21.6173
336584068 47.5283 21.6159
336587108 47.5294 21.6132
336588209 47.5338 21.613
336588211 47.532 21.6122
336588212 47.5316 21.6122
336588214 47.5297 21.6125
336588217 47.5297 21.6125
336588219 47.5296 21.6126
336588221 47.5296 21.6127
336588223 47.5297 21.6133
342301911 47.5344 21.6312
342302202 47.5349 21.6299
342302205 47.5348 21.6301
342302208 47.5345 21.6308
342302440 47.5346 21.6336
342303174 47.5313 21.6359
342303175 47.5316 21.6358
342303176 47.5317 21.6358
342303425 47.5315 21.6356
342303669 47.5342 21.6342
342303756 47.5343 21.6343
342303945 47.5341 21.6348
342303946 47.534 21.6348
342304223 47.5333 21.6346
342304224 47.533 21.6346
342304225 47.5324 21.6348
342304227 47.5321 21.6351
342304229 47.5316 21.6355
342304822 47.5309 21.636
342304824 47.5307 21.6359
343568265 47.5339 21.6141
343568415 47.5342 21.6144
343568419 47.5341 21.6143
344484938 47.525 21.6226
344485469 47.5243 21.6238
344485470 47.5238 21.6241
344485478 47.5245 21.6266
344485601 47.5242 21.6233
344485602 47.5238 21.6232
344485684 47.5217 21.6275
344485685 47.5242 21.6268
344485687 47.5261 21.6266
351127699 47.5364 21.6277
351127700 47.5363 21.6278
351127701 47.5351 21.6283
351127748 47.5356 21.6294
351127923 47.5374 21.6318
351127924 47.537 21.6321
351127925 47.536 21.6327
351127926 47.5351 21.6334
351127947 47.5361 21.6355
351128299 47.5348 21.6362
351128381 47.5347 21.6357
351128382 47.5346 21.6355
351128423 47.5342 21.6356
351128424 47.5331 21.636
351128425 47.5327 21.6361
351128426 47.5325 21.6361
351128427 47.5318 21.6358
351134717 47.5367 21.6365
389034746 47.5269 21.629
389035139 47.5247 21.6297
389035140 47.5237 21.6303
400890564 47.5311 21.6397
422959976 47.5293 21.6132
422982873 47.5305 21.6424
422982876 47.5297 21.6423
422982878 47.5297 21.6424
422982880 47.5297 21.6425
422982882 47.5295 21.6438
422982886 47.5294 21.6453
422985627 47.5276 21.6382
422987265 47.5281 21.6412
422987269 47.5278 21.641
422987271 47.5277 21.6405
422987274 47.5276 21.6384
422991715 47.534 21.6258
422994755 47.5346 21.6234
422995340 47.5348 21.6234
422995747 47.5344 21.6234
422995748 47.5343 21.6233
422995749 47.5341 21.6228
422995750 47.534 21.6228
422995751 47.5331 21.6237
422995752 47.5329 21.6237
422995753 47.5324 21.6238
422996186 47.5346 21.6239
422996615 47.5348 21.6237
427963775 47.5344 21.6281
427963776 47.5345 21.6282
427963777 47.5346 21.6283
427963983 47.5268 21.6276
427964033 47.5282 21.6277
427964035 47.5279 21.6278
427964037 47.5278 21.6274
427964368 47.5266 21.6267
427964370 47.5267 21.6264
427964451 47.5289 21.6255
434601373 47.5272 21.6203
434603551 47.525 21.619
434604152 47.5257 21.6185
469203293 47.5286 21.6153
469203296 47.5288 21.6146
469203298 47.5293 21.6138
469203300 47.5294 21.6138
469214365 47.5354 21.6179
469214379 47.5378 21.6212
469214416 47.5355 21.6183
469214417 47.5354 21.6184
469214418 47.5353 21.6185
469214420 47.5352 21.6185
469214421 47.5351 21.6186
469214422 47.535 21.6187
469214423 47.535 21.6189
469214424 47.535 21.619
469214425 47.5351 21.6198
469214427 47.5351 21.6201
469214430 47.5355 21.6208
469214431 47.536 21.6212
469214583 47.5345 21.6192
469214584 47.5346 21.6198
469214585 47.5346 21.6204
469214586 47.5344 21.6198
474424421 47.5368 21.6374
474424480 47.5334 21.6395
474424521 47.5333 21.6391
474424757 47.5345 21.6385
474425804 47.5285 21.6333
478719645 47.5345 21.6234
478719655 47.5345 21.6239
478719678 47.5344 21.6259
478724445 47.5342 21.628
478724625 47.5326 21.6297
478733062 47.539 21.6253
478733065 47.5384 21.6253
478733067 47.538 21.6254
478733069 47.5373 21.6255
478733072 47.536 21.6258
478733084 47.5358 21.6259
478733101 47.5353 21.6259
478733121 47.5346 21.6258
478733241 47.5389 21.6254
478733259 47.5384 21.6255
478733290 47.5373 21.6257
478733308 47.5361 21.626
478733323 47.5358 21.6261
478733345 47.5356 21.6261
478733357 47.5345 21.6259
486545119 47.5198 21.6439
486545661 47.5234 21.6402
486545679 47.5235 21.64
486545714 47.5235 21.6393
486545736 47.5235 21.6391
486548375 47.524 21.633
486548390 47.5239 21.6331
486548407 47.5237 21.6334
486548430 47.5236 21.6337
486548446 47.5237 21.6344
486548456 47.5238 21.6346
486548468 47.5239 21.6348
486548482 47.5243 21.6351
486548498 47.5246 21.6345
486549856 47.5258 21.6355
510655861 47.532 21.6122
608614212 47.5205 21.6204
651365957 47.5308 21.6295
651365959 47.5296 21.6299
651594657 47.5321 21.6247
651612868 47.5243 21.6394
651612875 47.5263 21.6373
651614619 47.525 21.6386
651614641 47.5232 21.6345
651615380 47.5246 21.6391
651615393 47.524 21.6383
683550188 47.5316 21.6163
683550190 47.5311 21.6149
683550191 47.5309 21.6146
683550195 47.5305 21.6131
683550197 47.531 21.6153
683550199 47.5313 21.6165
683550201 47.5313 21.6169
683550203 47.5313 21.6177
683550208 47.5325 21.6201
683550211 47.5321 21.616
683550218 47.5323 21.6183
683550219 47.5319 21.6149
683550221 47.5314 21.6129
683550225 47.5302 21.6176
683559120 47.5326 21.6206
683559123 47.532 21.6156
683559145 47.5331 21.616
683559148 47.5337 21.6161
683559151 47.5341 21.616
683559179 47.5315 21.6225
683559181 47.5308 21.6229
683559183 47.5307 21.6226
683559187 47.5306 21.6227
683559190 47.5308 21.6233
683559192 47.5309 21.6233
683559194 47.5309 21.6232
974490930 47.5353 21.6132
974490933 47.5256 21.6139
974490945 47.5291 21.6234
974490952 47.536 21.6171
974490953 47.523 21.6147
974490956 47.5354 21.6129
974490957 47.5321 21.6135
974490972 47.5315 21.6191
974490974 47.5302 21.618
974490976 47.5287 21.6093
974490977 47.531 21.6106
974490978 47.525 21.6142
974490979 47.5231 21.6147
974490989 47.5229 21.6137
974490994 47.5305 21.619
974490995 47.5268 21.6107
974491002 47.5198 21.6128
974491004 47.5352 21.6129
974491006 47.5339 21.6146
974491009 47.5321 21.6129
974491012 47.524 21.6082
974491013 47.5315 21.6134
974491017 47.5276 21.6127
974491019 47.5189 21.6114
974491023 47.5285 21.6084
974491025 47.5313 21.6107
974491027 47.5361 21.6158
974491028 47.5242 21.6146
974491033 47.5352 21.6129
974491038 47.5314 21.6185
974491040 47.527 21.6097
974491042 47.528 21.6186
974491043 47.5344 21.6189
974491044 47.5211 21.614
974491048 47.5354 21.6132
974491054 47.533 21.6133
974491055 47.5231 21.6143
974491059 47.526 21.6127
974491061 47.53 21.6236
974491065 47.5397 21.6105
974491066 47.5316 21.6133
974491069 47.5222 21.6099
974491072 47.5295 21.6211
974491074 47.5277 21.6125
974491076 47.5342 21.6134
974491078 47.535 21.6133
974491083 47.529 21.6111
974491085 47.5219 21.6095
974491087 47.5294 21.6209
974491091 47.5267 21.6134
974491094 47.5281 21.6197
974491101 47.5316 21.6111
974491102 47.5258 21.6108
974491103 47.5355 21.613
974491105 47.5276 21.6167
974491107 47.5316 21.6128
974491117 47.5289 21.6184
974491118 47.5375 21.6113
974491119 47.5306 21.6085
974491120 47.5289 21.6117
974491121 47.5216 21.6143
974491122 47.5281 21.6161
974491123 47.5322 21.6174
974491132 47.521 21.6108
974491135 47.5239 21.6073
974491136 47.5287 21.6214
974491138 47.5311 21.6107
974491139 47.5259 21.6076
974491151 47.5265 21.6117
974491152 47.5341 21.6133
974491153 47.5358 21.6143
974491154 47.5324 21.619
974491161 47.5343 21.6185
974491163 47.5224 21.6129
976531480 47.5287 21.6254
976531486 47.5289 21.6257
976531487 47.5294 21.6133
976531488 47.5318 21.6233
976531490 47.5319 21.6249
976531492 47.5308 21.6252
976531493 47.5289 21.625
976531494 47.5302 21.6244
977774134 47.5386 21.6073
977774151 47.5356 21.6138
977774191 47.5399 21.6076
977774216 47.5388 21.6109
977774224 47.5371 21.6068
977774268 47.5355 21.6139
977774278 47.5358 21.6349
977774294 47.5382 21.6071
977774301 47.5358 21.6093
1164796451 47.5322 21.6271
1164796460 47.5274 21.6381
1164796481 47.5261 21.6219
1164796484 47.5317 21.6276
1180837149 47.5298 21.6254
1180837151 47.5303 21.6253
1234560064 47.5337 21.6218
1234560065 47.5332 21.6217
1234560066 47.5334 21.6218
1234560078 47.5324 21.6217
1234560082 47.5337 21.6223
1234560083 47.5333 21.6205
1326661148 47.517 21.6466
1326661159 47.518 21.6363
1326661171 47.5205 21.6369
1326661175 47.5228 21.638
1326661180 47.5229 21.638
1326661190 47.5205 21.637
1326661197 47.5206 21.637
1326661217 47.5198 21.6368
1326661222 47.5199 21.6367
1326661231 47.52 21.6367
1326661235 47.5202 21.6367
1326661258 47.5211 21.6373
1326661273 47.5214 21.6375
1326661274 47.5215 21.6376
1326661276 47.5212 21.6374
1326661290 47.5235 21.6401
1326661293 47.5235 21.6394
1326661310 47.5208 21.637
1326661312 47.521 21.6372
1326661328 47.5175 21.6461
1326661329 47.5209 21.6371
1326661340 47.523 21.6379
1326661345 47.5209 21.6371
1326661365 47.518 21.6363
1326661422 47.523 21.6396
1326661428 47.5223 21.6379
1326661443 47.5221 21.6393
1326661452 47.5189 21.6366
1326661465 47.5193 21.6368
1326661483 47.5222 21.6414
1326661492 47.5203 21.6368
1326661508 47.5204 21.6368
1326661538 47.5215 21.6344
1326661558 47.5196 21.6368
1326661560 47.5212 21.6424
1326661563 47.5195 21.6368
1326661568 47.5169 21.6468
1326939370 47.5218 21.6272
1326939373 47.5346 21.6212
1336837634 47.5206 21.6557
1336837664 47.5208 21.655
1336837665 47.5137 21.65
1336837681 47.52 21.6574
1336837685 47.5214 21.6524
1336845566 47.5164 21.6473
1336845569 47.5157 21.648
1336845584 47.5163 21.6475
1336845593 47.5167 21.6471
1336845595 47.5162 21.6476
1336845601 47.5165 21.6472
1336845607 47.516 21.6477
1336845616 47.5161 21.6476
1336845617 47.5165 21.6472
1346223057 47.5221 21.627
1346223058 47.5333 21.6252
1346223059 47.5221 21.6268
1346223060 47.5333 21.6248
1346223062 47.5356 21.6259
1346223069 47.5334 21.6253
1346223070 47.5328 21.625
1346223072 47.5307 21.6251
1346223073 47.5328 21.6252
1346223078 47.5329 21.6249
1346223080 47.5337 21.6257
1346223083 47.5331 21.6252
1346223093 47.5247 21.6266
1346223094 47.5219 21.6271
1346223096 47.5337 21.6256
1346223097 47.5267 21.6271
1346223102 47.5303 21.6254
1346223107 47.5297 21.627
1346223109 47.5345 21.6257
1346223110 47.5331 21.6254
1346223113 47.532 21.6248
1346223114 47.5261 21.6264
1346223119 47.5267 21.6273
1346223121 47.5329 21.6249
1346223122 47.5336 21.6255
1346223124 47.5308 21.6253
1346223125 47.5318 21.6235
1346223132 47.5302 21.6252
1346223134 47.5331 21.6251
1346223137 47.5319 21.6236
1346223138 47.53 21.6265
1346223140 47.5334 21.6254
1346223144 47.5328 21.625
1346223147 47.5266 21.6266
1346223148 47.5325 21.6249
1346223152 47.5324 21.6237
1346223159 47.534 21.6256
1346237867 47.5263 21.6264
1348101330 47.5224 21.6326
1348101339 47.5224 21.6337
1348101443 47.5224 21.6323
1348101459 47.5219 21.6317
1348101465 47.5221 21.6314
1348101467 47.5227 21.6318
1348101525 47.5213 21.6204
1348101542 47.5214 21.6203
1348101548 47.5219 21.6199
1348101556 47.5229 21.6193
1348123182 47.5222 21.6324
1348123186 47.5225 21.6338
1348123188 47.5235 21.6326
1348123190 47.5225 21.634
1348141963 47.5227 21.6326
1348141968 47.5229 21.6316
1348141970 47.5227 21.6327
1348141971 47.5242 21.6326
1348141972 47.522 21.6302
1348141974 47.5227 21.6328
1348141976 47.524 21.6325
1348141978 47.5221 21.6302
1348141980 47.5229 21.6329
1348141983 47.5228 21.6329
1348141992 47.5237 21.6328
1348141995 47.5237 21.6328
1348141997 47.5238 21.6327
1348142000 47.5221 21.6309
1348142010 47.5239 21.6326
1348142012 47.5227 21.6322
1348142014 47.5222 21.631
1348142016 47.5227 21.6323
1348160911 47.5287 21.6243
1348194254 47.526 21.628
1348194256 47.5265 21.6279
1348194258 47.526 21.6275
1348194260 47.524 21.6268
1348194263 47.5242 21.6284
1348194265 47.5261 21.628
1348194270 47.5243 21.629
1348194272 47.524 21.6267
1348194273 47.5235 21.6284
1348194274 47.5261 21.628
1348194275 47.526 21.628
1348194276 47.5268 21.6279
1348194277 47.5239 21.629
1348194281 47.5242 21.6281
1348204189 47.5265 21.6325
1348235620 47.522 21.6283
1348235671 47.5229 21.6278
1348235705 47.523 21.6279
1348242456 47.5218 21.6222
1348242469 47.5219 21.6212
1348242471 47.5236 21.622
1348242479 47.5227 21.6241
1348242481 47.5235 21.6213
1348242713 47.5238 21.623
1348393853 47.5281 21.6189
1348393855 47.5281 21.6193
1348393870 47.5249 21.6187
1348393874 47.5295 21.6138
1348393878 47.5319 21.6208
1348393883 47.5309 21.626
1348393886 47.531 21.6261
1348393901 47.5306 21.6226
1348393905 47.5308 21.6233
1348393908 47.5296 21.6137
1348393912 47.5325 21.6137
1348393914 47.5317 21.6133
1348393917 47.5258 21.6182
1348393921 47.5319 21.6128
1348393934 47.5258 21.618
1348393936 47.5251 21.6187
1348393938 47.525 21.6188
1348393940 47.5319 21.6146
1348393941 47.5257 21.6178
1348393942 47.5307 21.6226
1348393944 47.5277 21.6171
1348393946 47.5276 21.617
1348393965 47.5276 21.6171
1348393969 47.5256 21.6178
1348393973 47.5275 21.6171
1348393976 47.5258 21.6179
1348393978 47.5249 21.6185
1348393982 47.5246 21.6246
1348393987 47.5247 21.6247
1348394010 47.5256 21.6241
1348394014 47.5247 21.6247
1348394017 47.5248 21.6247
1348394020 47.5249 21.6189
1348394023 47.5242 21.6193
1348431231 47.5229 21.6247
1348431234 47.5229 21.6249
1348431243 47.5216 21.6247
1348431276 47.5229 21.6248
1348431277 47.5222 21.6252
1348431278 47.5224 21.6258
1348431279 47.5234 21.6267
1348431281 47.5234 21.6269
1348431291 47.5226 21.6263
1348442387 47.5263 21.6363
1348442389 47.5252 21.635
1348442390 47.5269 21.6364
1348442392 47.5243 21.6351
1348442394 47.5236 21.6335
1348442395 47.5262 21.6363
1348442396 47.5272 21.6367
1348442399 47.5251 21.6353
1348442401 47.5268 21.6363
1348442403 47.5267 21.6366
1348442405 47.5248 21.6347
1348442406 47.5254 21.6356
1348442408 47.5255 21.6353
1348442410 47.5266 21.6366
1348442415 47.5266 21.6366
1348442417 47.5241 21.6341
1348442418 47.5259 21.6356
1348442420 47.5258 21.6359
1348442422 47.5239 21.633
1348442423 47.5262 21.6362
1348442428 47.5247 21.635
1348442430 47.5263 21.6359
1348503103 47.5281 21.6277
1348503108 47.5306 21.6286
1348503114 47.5277 21.6269
1348503125 47.5277 21.627
1348503127 47.5277 21.6271
1348503128 47.5293 21.628
1348503129 47.528 21.6268
1348503130 47.5283 21.6284
1348503133 47.5283 21.6282
1348503135 47.5279 21.6268
1348510312 47.5321 21.6257
1348510313 47.5322 21.6258
1348510314 47.5327 21.6269
1348510315 47.5323 21.6261
1348510316 47.5323 21.6261
1348510317 47.5321 21.6263
1348510318 47.532 21.6258
1348510319 47.5322 21.6258
1348510320 47.5323 21.6262
1348510321 47.5322 21.627
1348517177 47.5299 21.6262
1348517179 47.5292 21.6265
1348523316 47.5296 21.6247
1348523317 47.5295 21.6214
1348523319 47.5298 21.6226
1348523320 47.5286 21.6238
1348532548 47.5338 21.6206
1348532549 47.5344 21.6208
1348532552 47.5342 21.6287
1348532553 47.5347 21.626
1348532556 47.5347 21.6284
1348532559 47.5361 21.622
1348532561 47.534 21.6289
1348670006 47.5324 21.633
1348670019 47.5331 21.6335
1348670024 47.5328 21.6347
1348670026 47.5325 21.6329
1348670029 47.5326 21.6315
1348670030 47.5323 21.633
1348670032 47.5323 21.6329
1348670034 47.5323 21.6331
1348670045 47.5336 21.6335
1348670047 47.5318 21.6325
1348670049 47.5337 21.6336
1348670056 47.5329 21.6337
1348670058 47.5315 21.6319
1348670062 47.5318 21.6336
1348670066 47.5332 21.6334
1348670069 47.5333 21.6334
1348670073 47.5332 21.6333
1348670076 47.5325 21.6322
1348670078 47.5332 21.6323
1348670082 47.5326 21.6323
1348670086 47.5317 21.6312
1348670089 47.5324 21.6338
1348670092 47.5326 21.6328
1348670099 47.5326 21.6327
1348670103 47.5323 21.6319
1348670109 47.5313 21.631
1348670111 47.5328 21.6315
1348670113 47.5328 21.6337
1348670114 47.5332 21.6322
1348670116 47.5327 21.6314
1348670117 47.5313 21.6314
1348670131 47.5317 21.6323
1348670134 47.5332 21.6324
1348670137 47.5333 21.6322
1348670138 47.5324 21.6335
1348670141 47.5326 21.6329
1348670143 47.5316 21.6321
1348670144 47.5315 21.6338
1348670155 47.5314 21.6316
1348670157 47.5324 21.6317
1348692627 47.5305 21.6343
1348692629 47.531 21.6356
1348692630 47.5311 21.6358
1348692634 47.5305 21.6344
1348692635 47.5304 21.6345
1348692636 47.5304 21.6345
1348692637 47.5311 21.6359
1348692638 47.5304 21.6344
1348692639 47.5316 21.6383
1348692640 47.5311 21.6361
1348692641 47.5315 21.6383
1348692644 47.5304 21.634
1348692646 47.5304 21.6344
1348692648 47.5342 21.635
1348692649 47.5345 21.6352
1348692651 47.5345 21.6353
1348702333 47.535 21.6358
1348702334 47.535 21.6357
1348702335 47.535 21.6356
1348702337 47.5352 21.6358
1348702338 47.5345 21.6344
1348702339 47.5344 21.6344
1348702340 47.5341 21.6347
1348702344 47.5344 21.6344
1348702345 47.5342 21.6346
1348702347 47.5351 21.6355
1348702348 47.5344 21.6338
1348702349 47.5345 21.6339
1348702351 47.535 21.6359
1348702352 47.5321 21.6359
1348702353 47.5356 21.6359
1348702356 47.5351 21.6361
1348702358 47.5365 21.637
1349118659 47.5366 21.6362
1349118662 47.5358 21.6329
1349118665 47.5349 21.6331
1349118668 47.5346 21.6324
1349118678 47.5346 21.6325
1349118682 47.5353 21.6318
1349118685 47.5345 21.6318
1349118687 47.5344 21.6315
1349118693 47.5346 21.6304
1349118695 47.5354 21.6295
1349118698 47.5356 21.6305
1349118701 47.5356 21.6306
1349118703 47.535 21.6328
1349118705 47.5349 21.6332
1349124990 47.5365 21.6277
1349124992 47.5366 21.6278
1349140540 47.5377 21.6315
1349183807 47.5349 21.6238
1349183810 47.5355 21.6182
1349183818 47.5358 21.6234
1349183820 47.5372 21.6238
1349183821 47.5362 21.6239
1349183823 47.5354 21.6206
1349183825 47.535 21.6238
1349183826 47.5379 21.622
1349183832 47.5377 21.6212
1349183836 47.5351 21.6192
1349183837 47.5357 21.6211
1349183844 47.5346 21.624
1349183849 47.5349 21.6238
1349200444 47.5354 21.6132
1349200445 47.5355 21.6125
1349200446 47.5355 21.6138
1349200447 47.5355 21.6138
1349200449 47.5355 21.6126
1349200452 47.5355 21.6127
1349200453 47.5345 21.6127
1349200455 47.5355 21.6131
1349200461 47.5351 21.6125
1349205387 47.5381 21.6211
1370097059 47.5237 21.6164
1370097069 47.5232 21.6149
1370097079 47.5232 21.6156
1370097796 47.5275 21.6099
1370097797 47.528 21.6098
1370101974 47.5297 21.6106
1370101976 47.5294 21.6109
1370101978 47.529 21.6112
1370445041 47.5304 21.6188
1370445042 47.5323 21.6183
1370445043 47.5291 21.6194
1370445045 47.5228 21.6242
1370445046 47.5283 21.6202
1370445047 47.5275 21.6209
1399572692 47.5292 21.6446
1399572723 47.5288 21.6387
1399572741 47.5308 21.6431
1399572742 47.5307 21.6449
1399572750 47.5305 21.6458
1399572755 47.5294 21.6447
1399572756 47.5297 21.641
1399572757 47.529 21.6419
1399572758 47.5286 21.6393
1399572759 47.5293 21.6396
1399572764 47.5291 21.6419
1399572766 47.529 21.6422
1399572768 47.5292 21.6426
1399572770 47.529 21.6443
1399572777 47.5308 21.6439
1399572779 47.5291 21.6445
1399579261 47.5318 21.6405
1399579262 47.5318 21.6398
1399579263 47.5321 21.6398
1399579279 47.532 21.6406
1400789246 47.524 21.6378
1400789251 47.5235 21.6366
1400789253 47.524 21.6382
1400789258 47.5235 21.6366
1400789260 47.524 21.6376
1400789263 47.5234 21.6368
1400789265 47.5236 21.6366
1400789267 47.5234 21.6367
1400789269 47.5234 21.6367
1400789270 47.5236 21.6367
1400789271 47.5239 21.6381
1400789272 47.524 21.638
1400818924 47.5291 21.6267
1400818925 47.5285 21.627
1400818927 47.5282 21.6258
1400832454 47.5356 21.6234
1400832476 47.5356 21.6223
1400832478 47.5354 21.6234
1400832484 47.5354 21.6223
1400832486 47.5358 21.6223
1402222864 47.5409 21.6079
1402222866 47.5393 21.6076
1402222873 47.5276 21.614
1402222877 47.5281 21.6142
1402222885 47.5276 21.614
1402222899 47.5277 21.6139
1402222948 47.5276 21.6139
1402222953 47.5348 21.6108
1402222954 47.5363 21.6083
1402222966 47.5343 21.6113
1402222970 47.5398 21.6105
1402222983 47.5408 21.6101
1402222987 47.5413 21.6099
1402223001 47.5418 21.6084
1402223006 47.5411 21.6079
1403150160 47.5343 21.6124
1403150166 47.5343 21.6126
1403157098 47.5308 21.6325
1403157099 47.5316 21.6322
1403181936 47.5337 21.6427
1403181940 47.5327 21.6417
1403181942 47.534 21.6422
1403181943 47.535 21.6425
1403181944 47.535 21.6424
1403181946 47.5326 21.6437
1403181948 47.534 21.6421
1403181959 47.5338 21.642
1403181960 47.5328 21.6415
1403181963 47.5329 21.6415
1403181972 47.5339 21.6419
1403181974 47.5327 21.6431
1403181975 47.5307 21.6449
1403181978 47.533 21.6416
1403181982 47.535 21.6424
1403181986 47.5348 21.6424
1403181988 47.5349 21.6423
1403181989 47.534 21.642
1403181991 47.535 21.6426
1403181994 47.5339 21.6419
1403181995 47.5328 21.6414
1403181997 47.5347 21.644
1403181998 47.5327 21.6423
1403181999 47.5307 21.6442
1403182000 47.532 21.6428
1403182001 47.5323 21.6408
1403182002 47.533 21.6417
1403182003 47.5348 21.6426
1403182007 47.5348 21.6425
1403182008 47.5338 21.6419
1403182009 47.5348 21.6431
1403182010 47.5337 21.6435
1403182011 47.533 21.6415
1451311097 47.5296 21.6118
1451311098 47.5294 21.6121
1451311099 47.5295 21.612
1451312490 47.5287 21.6126
1451680534 47.5287 21.6137
1451680540 47.5247 21.6183
1451680550 47.5277 21.6138
1451680552 47.5277 21.6133
1451680556 47.5303 21.6113
1451680558 47.5288 21.6135
1451680559 47.5283 21.6132
1451680564 47.5288 21.6136
1451680566 47.5298 21.6116
1451680571 47.5287 21.6128
1451680573 47.5278 21.6137
1451680578 47.5288 21.6133
1451680581 47.5276 21.6134
1451680584 47.5282 21.6134
1451680587 47.5298 21.6117
1451680589 47.5275 21.6136
1451680591 47.5276 21.6137
1451680592 47.53 21.6114
1451680597 47.5284 21.613
1451680599 47.5282 21.6135
1451680601 47.5286 21.6128
1451680603 47.5279 21.6147
1451680605 47.5292 21.613
1451680607 47.5259 21.617
1451705821 47.5232 21.6198
1451705833 47.5219 21.6212
1451705838 47.5231 21.6194
1451705841 47.524 21.6191
1451705842 47.523 21.6191
1451705844 47.5223 21.6207
1451705849 47.5237 21.6192
1451705850 47.5235 21.6196
1451705859 47.5231 21.62
1451705862 47.526 21.6172
1451705864 47.5221 21.6209
1451705871 47.5248 21.6185
1452054055 47.5296 21.614
1452054059 47.5295 21.6134
1452054061 47.5296 21.6142
1452054063 47.5295 21.6135
1452054066 47.5296 21.6139
1452054071 47.5295 21.6134
1452054074 47.5291 21.6132
1452054077 47.5296 21.6135
1452054079 47.5292 21.6131
1452054082 47.5295 21.6136
1452054083 47.5296 21.612
1452054086 47.5296 21.6142
1452054091 47.5294 21.6132
1452054092 47.5296 21.6134
1452054093 47.5297 21.6134
1452054094 47.5295 21.6123
1487678957 47.5323 21.6239
1487678959 47.5324 21.6239
1487678964 47.5324 21.6248
1487678972 47.5321 21.6239
1487678977 47.5321 21.6245
1487678987 47.5323 21.6251
1487678994 47.5322 21.6239
1487678995 47.5322 21.6246
1487678996 47.532 21.6244
1487678998 47.5323 21.6247
1487678999 47.5321 21.624
1487679000 47.532 21.6241
1487679013 47.5324 21.6239
1487679015 47.5324 21.6246
1487679017 47.532 21.6243
1487679018 47.533 21.6226
1487679019 47.5319 21.6241
1487679020 47.5322 21.6246
1487679021 47.5324 21.6226
1487679029 47.5324 21.6236
1490851891 47.5285 21.6207
1491820976 47.5304 21.6249
1491820977 47.5319 21.6248
1491820978 47.5309 21.6246
1491820979 47.5305 21.6247
1491820981 47.532 21.6247
1491820982 47.5306 21.6249
1491820984 47.5325 21.625
1491820985 47.5324 21.625
1491820986 47.5315 21.6248
1491820992 47.5317 21.6248
1491820993 47.5318 21.6249
1491820994 47.5318 21.6246
1491820995 47.5297 21.625
1491820996 47.5313 21.6246
1491820997 47.5304 21.6247
1491821002 47.5324 21.6248
1491821003 47.532 21.6247
1491836655 47.5264 21.6181
1491836680 47.5258 21.6183
1491973689 47.5306 21.6113
1491973690 47.5298 21.6113
1491973691 47.5301 21.6112
1491973692 47.53 21.6116
1491973693 47.5296 21.6123
1491973694 47.5302 21.6115
1491973696 47.53 21.6113
1491973697 47.53 21.6112
1491973698 47.5288 21.6127
1491973699 47.5295 21.6125
1491973702 47.5306 21.6112
1491973703 47.5301 21.6115
1491973704 47.5299 21.6111
1491973706 47.5298 21.6119
1491973707 47.53 21.6117
1491973708 47.53 21.6115
1491973709 47.5302 21.6115
1491973710 47.5305 21.6114
1491973711 47.5298 21.6115
1491981011 47.5224 21.6208
1491981012 47.5339 21.614
1491981013 47.5344 21.6126
1491981014 47.5337 21.6118
1491981015 47.5347 21.6123
1491981016 47.5319 21.6111
1492869760 47.5203 21.6072
1495579997 47.5292 21.611
1495580000 47.5252 21.6119
1495580001 47.5248 21.6108
1495580002 47.5231 21.6141
1495580003 47.5248 21.6184
1495580005 47.5295 21.6113
1495580006 47.5273 21.6098
1495580007 47.526 21.6123
1495580009 47.5295 21.6116
1495580010 47.5244 21.6145
1495580011 47.5236 21.6147
1495580012 47.5233 21.6147
1495580013 47.5227 21.6147
1495580014 47.5222 21.6146
1495580015 47.5259 21.6115
1495580016 47.5267 21.6107
1495580017 47.5266 21.6113
1495580018 47.5291 21.6107
1495580019 47.5294 21.6105
1495580020 47.5295 21.6108
1495580021 47.5293 21.61
1495580022 47.5254 21.6128
1495580026 47.529 21.6115
1495580027 47.5265 21.6122
1495607574 47.5272 21.6127
1495607575 47.5266 21.6128
1495607576 47.5276 21.6125
1495607577 47.5272 21.6125
1495607578 47.5266 21.6129
1495607579 47.5261 21.6128
1495659548 47.5302 21.6088
1495659576 47.5313 21.6109
1495659585 47.5314 21.611
1495659615 47.5306 21.6084
1495659616 47.5312 21.6111
1495659619 47.5302 21.6086
1495659624 47.5313 21.6109
1495659630 47.5303 21.609
1495659654 47.5301 21.611
1495663512 47.5299 21.6098
1495663513 47.5308 21.6095
1495663514 47.5309 21.6104
1495663516 47.5321 21.6104
1495663517 47.5298 21.6094
1495663518 47.5299 21.6096
1495663519 47.5308 21.6093
1495663521 47.5307 21.6091
1495663522 47.5298 21.6092
1495663523 47.5302 21.6088
1495663524 47.5297 21.6089
1495663525 47.53 21.6108
1495663526 47.53 21.6105
1495663527 47.5309 21.6102
1495663528 47.5314 21.6107
1495663530 47.5309 21.61
1495663531 47.532 21.6107
1495663532 47.5306 21.6086
1495663533 47.5308 21.6098
1495663534 47.53 21.6103
1495663535 47.5307 21.6089
1495663536 47.5321 21.6107
1495663538 47.5321 21.6107
1495663539 47.5322 21.6106
1495663540 47.5299 21.6101
1495675731 47.5291 21.609
1495675735 47.5292 21.6094
1495675736 47.5284 21.6087
1495675737 47.5285 21.6088
1495675738 47.529 21.609
1495675740 47.5288 21.6092
1495675742 47.529 21.6089
1495675743 47.5292 21.6094
1495675750 47.5289 21.6089
1495675751 47.5287 21.609
1495675752 47.5288 21.6091
1495675753 47.5286 21.6087
1495675755 47.5293 21.6095
1495675756 47.5295 21.6092
1495675764 47.5292 21.6091
1495675765 47.5293 21.6094
1495675766 47.5294 21.6094
1495675767 47.5293 21.6091
1495696005 47.53 21.6103
1499371510 47.5392 21.6076
1499371515 47.5401 21.6076
1499371530 47.5355 21.6123
1499371531 47.5348 21.6123
1499371537 47.5355 21.612
1499409266 47.5344 21.6112
1509013666 47.5279 21.6383
1509013668 47.5326 21.64
1509013670 47.5274 21.6365
1509013673 47.5293 21.6397
1509013674 47.5275 21.6359
1509013675 47.5327 21.6401
1509013677 47.529 21.6424
1509013681 47.5328 21.6398
1509013683 47.5325 21.64
1509013685 47.5291 21.6435
1509013688 47.5291 21.642
1509013690 47.5271 21.6369
1509013691 47.5308 21.6424
1509013693 47.5328 21.6402
1509013697 47.5328 21.6397
1509013700 47.5328 21.6401
1509013702 47.5292 21.6425
1509164848 47.5322 21.6414
1509164850 47.5319 21.6405
1509164852 47.5319 21.6413
1509164855 47.5319 21.6398
1509164859 47.5319 21.6403
1510298068 47.5298 21.6314
1510298092 47.5301 21.632
1510298115 47.5291 21.642
1510298136 47.5298 21.6311
1510298171 47.5299 21.6318
1510298172 47.5306 21.631
1510298211 47.5292 21.6425
1510298229 47.5298 21.6316
1510298293 47.5306 21.6313
1510298316 47.5299 21.6309
1510298329 47.5305 21.6308
1510298358 47.529 21.6423
1510356823 47.5328 21.6301
1510356825 47.5329 21.6299
1510356828 47.5329 21.6302
1532783289 47.5293 21.6127
1532783292 47.5296 21.6134
1532783301 47.5292 21.6134
1532783302 47.5292 21.6131
1532783303 47.5294 21.6137
1532783304 47.5292 21.6132
1532783305 47.5296 21.6138
1532783307 47.5294 21.6135
1532783309 47.5294 21.613
1532783312 47.5292 21.6133
1532786260 47.5295 21.614
1532786272 47.5296 21.6139
1532786274 47.5296 21.615
1532786276 47.5295 21.6142
1532791083 47.5295 21.6144
1532791084 47.5297 21.6157
1532791085 47.5291 21.6159
1532791086 47.5292 21.6164
1532791087 47.5295 21.6158
1532791088 47.5294 21.6158
1532791089 47.5297 21.615
1532791091 47.5292 21.6159
1532804998 47.5293 21.6122
1532804999 47.5291 21.6131
1532805000 47.5288 21.6134
1532805011 47.5293 21.6131
1532805018 47.5297 21.6132
1532805020 47.5293 21.6132
1532805023 47.5291 21.6133
1532805026 47.5291 21.613
1532805033 47.5291 21.6134
1532805916 47.5302 21.6114
1532814295 47.5317 21.6215
1532814296 47.532 21.6213
1532814298 47.5333 21.6217
1532814299 47.5334 21.6226
1532814300 47.5316 21.6209
1532815699 47.5333 21.6214
1532815700 47.5333 21.6213
1532815701 47.5333 21.6214
1532815702 47.5333 21.6212
1532815703 47.5333 21.6209
1532815704 47.5332 21.6209
1532815705 47.5332 21.6207
1532822579 47.5292 21.6133
1532822583 47.5292 21.6132
1532822587 47.5292 21.6132
1532822597 47.5292 21.6133
1532834801 47.5234 21.6197
1532834802 47.5234 21.6195
1532834804 47.5234 21.6198
1532834805 47.5233 21.62
1532834806 47.5232 21.6192
1532834808 47.5232 21.6196
1532834809 47.5235 21.6198
1532834810 47.5233 21.6195
1532838609 47.5236 21.6195
1532838619 47.5234 21.6196
1532838620 47.5235 21.6197
1532845155 47.5222 21.6181
1532847555 47.523 21.6194
1532847557 47.5231 21.6196
1532852471 47.5242 21.6267
1532852472 47.5245 21.6266
1532852474 47.5245 21.6268
1532852475 47.5245 21.6268
1532852476 47.5242 21.6268
1532853285 47.5262 21.6264
1532853286 47.5262 21.6265
1532906105 47.534 21.6257
1532906113 47.534 21.6258
1532906116 47.5344 21.6259
1532906120 47.5344 21.6257
1532908466 47.5313 21.6248
1532908467 47.5313 21.6246
1532908469 47.5291 21.6254
1532908471 47.5295 21.6252
1532908473 47.5309 21.6247
1532908475 47.5291 21.6253
1532908477 47.5295 21.6251
1532908487 47.5267 21.6264
1532908490 47.5272 21.6262
1532908492 47.5272 21.6261
1532908496 47.5267 21.6263
1532908498 47.5309 21.6248
1534457971 47.5327 21.6098
1534457974 47.533 21.6115
1534457978 47.5331 21.6112
1534647916 47.5345 21.6124
1534649642 47.5343 21.612
1534649645 47.5342 21.6124
1534649648 47.5341 21.6122
1897928832 47.5251 21.6228
1904035110 47.5314 21.6183
1904035111 47.5323 21.6179
1906569677 47.531 21.6238
1906569678 47.5311 21.6237
1906569679 47.531 21.6233
1906569681 47.5309 21.6234
1906569682 47.5304 21.6236
1906569683 47.53 21.6238
1906569684 47.5292 21.6234
1906569686 47.5295 21.6228
1906569687 47.5296 21.6232
1906569689 47.5291 21.623
1906569690 47.5296 21.6232
1906569691 47.5309 21.6234
1906569692 47.5305 21.6236
1906569693 47.5307 21.6235
1906580349 47.5268 21.6239
1943399449 47.522 21.6211
2061381293 47.5249 21.6428
2061381296 47.5254 21.6422
2061381297 47.5248 21.643
2061381298 47.5252 21.6425
2061381301 47.5252 21.6423
2061381305 47.5256 21.6427
2061381306 47.5252 21.6429
2061381308 47.5253 21.6427
2061381316 47.5259 21.6431
2061381319 47.5251 21.6431
2061381321 47.5252 21.6436
2061381329 47.526 21.6433
2061381332 47.5253 21.6432
2061381337 47.5251 21.6438
2061381344 47.5255 21.643
2061381345 47.525 21.6425
2061381346 47.5253 21.6422
2061381352 47.525 21.6434
2061381356 47.5263 21.6438
2061381360 47.5264 21.644
2061381361 47.5252 21.6422
2061381371 47.5249 21.6444
2061381373 47.5255 21.6429
2061381374 47.525 21.6433
2061381379 47.5254 21.6431
2061381396 47.5252 21.6424
2061381412 47.5251 21.6424
2061381421 47.5252 21.6424
2061554013 47.5239 21.6443
2061555426 47.5233 21.6461
2061555760 47.5229 21.6471
2061566995 47.5226 21.641
2061566997 47.5226 21.641
2061566998 47.5246 21.642
2061567073 47.5234 21.6402
2061649239 47.5224 21.6487
2061649316 47.5217 21.6512
2089326144 47.5297 21.6278
2159927569 47.5273 21.6378
2159927571 47.5273 21.638
2159927573 47.5275 21.6363
2159927577 47.5306 21.6457
2159927579 47.5308 21.6424
2159927581 47.5308 21.6417
2159927582 47.5308 21.6422
2159927584 47.5309 21.641
2159927586 47.5309 21.6423
2161329846 47.522 21.6269
2161329851 47.522 21.627
2161329867 47.5241 21.6275
2161329870 47.5242 21.6266
2161329881 47.5245 21.6266
2161329905 47.5265 21.6265
2161329907 47.5267 21.6262
2161329909 47.5267 21.6265
2161329915 47.5267 21.6264
2161329917 47.5268 21.6264
2161329919 47.5272 21.626
2161329928 47.5272 21.6262
2161329930 47.5274 21.626
2161329932 47.5274 21.6261
2161329934 47.5287 21.6256
2161329936 47.5291 21.6253
2161329945 47.5291 21.6255
2161329946 47.5295 21.6251
2161329949 47.5295 21.6253
2161329952 47.5298 21.6252
2161329956 47.5309 21.6248
2161329959 47.5313 21.6248
2161329960 47.5315 21.6246
2161329963 47.5327 21.6252
2161329966 47.5327 21.625
2161329967 47.5328 21.6251
2161329968 47.5328 21.6252
2161329969 47.5334 21.6256
2161329971 47.5344 21.6259
2161329973 47.5344 21.6257
2161329974 47.5345 21.6259
2161329975 47.5347 21.6258
2161329976 47.5353 21.6261
2161329979 47.5378 21.6254
2161329982 47.5378 21.6256
2161329988 47.538 21.6256
2161329989 47.5383 21.6253
2161330001 47.5383 21.6255
2161330003 47.5385 21.6253
2161330011 47.5385 21.6255
2161330012 47.5388 21.6253
2161330019 47.5388 21.6254
2161330020 47.539 21.6254
2163819639 47.5287 21.613
2163819641 47.5288 21.6127
2163819642 47.5292 21.6132
2163819643 47.5292 21.6132
2163819644 47.5292 21.6132
2181116897 47.5316 21.6426
2292527638 47.525 21.6187
2292527646 47.5251 21.6188
2292527653 47.5256 21.6178
2292527661 47.5257 21.6178
2292527664 47.5258 21.6183
2292527667 47.5258 21.6181
2329697858 47.5291 21.6232
2329697861 47.5285 21.6234
2329697862 47.5292 21.6232
2331081812 47.5284 21.6247
2331081813 47.5284 21.6245
2331081814 47.5285 21.6252
2331081815 47.5284 21.6244
2343333860 47.5297 21.6133
2343333891 47.5317 21.6233
2364183782 47.5252 21.6407
2402546737 47.5347 21.6234
2402546740 47.5347 21.6234
2402563433 47.5245 21.6299
2460059067 47.5343 21.624
2511611340 47.5326 21.64
2511611346 47.5327 21.6401
2512810388 47.5292 21.6233
2513327753 47.5229 21.6315
2513327755 47.5242 21.6354
2514926718 47.5321 21.6289
2514926721 47.5324 21.6222
2514926766 47.5331 21.6276
2514926769 47.5331 21.6279
2514926771 47.5332 21.6277
2514926775 47.5334 21.6277
2514926777 47.5334 21.6277
2514926779 47.5334 21.6224
2514926783 47.5342 21.628
2514926785 47.5344 21.6281
2514926787 47.5344 21.6281
2514926789 47.5344 21.6278
2514926791 47.5345 21.6283
2514926794 47.5345 21.6286
2514926795 47.5346 21.6284
2514926797 47.5346 21.6285
2526444590 47.5246 21.6181
2526444591 47.5247 21.6186
2526444593 47.5247 21.6182
2526444594 47.5248 21.6182
2526444595 47.5248 21.6182
2526444596 47.5249 21.6187
2526444597 47.5249 21.6184
2526444598 47.5249 21.6185
2526444603 47.5258 21.6171
2526444604 47.5258 21.6174
2526444605 47.5259 21.6173
2526444606 47.5259 21.6168
2526444607 47.5259 21.6169
2526444608 47.526 21.6169
2526444609 47.5261 21.6173
2526444610 47.5261 21.6168
2526444611 47.5261 21.6174
2526444612 47.5261 21.617
2526444614 47.5262 21.6218
2526444615 47.5263 21.618
2526444616 47.5264 21.6178
2526444618 47.5274 21.621
2526444619 47.5274 21.6207
2526444621 47.5276 21.6212
2526444622 47.5284 21.6202
2526444624 47.5284 21.6204
2526444627 47.5291 21.6192
2526444630 47.5291 21.6196
2526444633 47.5292 21.6193
2526444636 47.5304 21.6189
2526444638 47.5304 21.6186
2526444639 47.5305 21.6191
2526444640 47.5306 21.6189
2526908533 47.5294 21.6094
2526908535 47.5295 21.609
2526908537 47.5296 21.6088
2526908541 47.53 21.6114
2527928701 47.5341 21.6123
2527928704 47.5342 21.6121
2527928707 47.5343 21.6123
2527928711 47.5344 21.6122
2527928713 47.5354 21.6121
2527928714 47.5387 21.6109
2527928721 47.5416 21.6098
2528360806 47.5244 21.6356
2528360807 47.5251 21.6324
2528360809 47.5265 21.6375
2528360810 47.5268 21.6374
2528360811 47.5271 21.6321
2528360812 47.5274 21.632
2528360813 47.5277 21.6382
2528360814 47.5297 21.6392
2528360815 47.5298 21.6396
2528360816 47.5299 21.6315
2528360817 47.5299 21.639
2528360818 47.5299 21.6313
2528360819 47.53 21.6317
2528360820 47.5301 21.6314
2528360842 47.5335 21.6395
2528408249 47.533 21.6096
2528408252 47.533 21.6096
2528408253 47.533 21.6097
2528408255 47.533 21.6097
2528408257 47.533 21.6103
2528408258 47.533 21.6106
2528408260 47.5331 21.6095
2528408261 47.5331 21.6096
2528408266 47.5331 21.6094
2528408267 47.5331 21.6095
2528408272 47.5332 21.6105
2528408283 47.5333 21.61
2528408286 47.5334 21.6095
2528408288 47.5334 21.6092
2528408289 47.5334 21.608
2528408290 47.5334 21.609
2528408291 47.5334 21.6081
2528408332 47.5336 21.6095
2528408340 47.5337 21.6097
2528408348 47.5338 21.6098
2528408350 47.5338 21.6096
2528408359 47.5339 21.6097
2528408362 47.5339 21.6096
2528408370 47.5339 21.6097
2590875721 47.5336 21.6318
2590875724 47.5347 21.6337
2602906219 47.5316 21.6227
2621901056 47.5296 21.6107
2621901059 47.5302 21.6175
2621901060 47.5305 21.6188
2621901062 47.5312 21.6211
2624477388 47.5337 21.6224
2762988233 47.525 21.641
2829915881 47.528 21.6432
2829915882 47.5266 21.6428
2829915883 47.5266 21.6428
2829915884 47.5266 21.6423
2829915885 47.5267 21.6422
2829915886 47.5272 21.6424
2829915887 47.5273 21.6419
2829915888 47.5272 21.6418
2829915889 47.5273 21.6415
2829915890 47.5278 21.6416
2829915891 47.5271 21.643
2829915892 47.5279 21.6421
2830134617 47.5364 21.6212
2836176262 47.5292 21.6404
2836176268 47.5283 21.6414
2836176273 47.529 21.6414
2836176278 47.5297 21.6411
2836176279 47.5282 21.6413
2836176282 47.5279 21.641
2910082303 47.5345 21.6262
2910082305 47.5346 21.6257
2910082306 47.5347 21.6335
2910082316 47.5357 21.6358
2910082317 47.5358 21.6359
2910082318 47.5361 21.6402
2910082324 47.5367 21.6372
2910768750 47.5262 21.6263
2910768751 47.5264 21.6266
2910768752 47.5266 21.6266
2910768753 47.5267 21.6279
2910768754 47.5268 21.6278
2910768755 47.5268 21.6291
2910768756 47.5268 21.6276
2910768757 47.5269 21.629
2910768758 47.5273 21.6319
2910768759 47.5289 21.6268
2910768760 47.529 21.6267
2910768761 47.5292 21.6271
2910768762 47.5293 21.6272
2910768763 47.5294 21.6286
2914198206 47.5289 21.6251
2922046846 47.5309 21.626
2922046847 47.531 21.6261
2922046848 47.5315 21.6276
2922046849 47.5316 21.6276
2922046851 47.5327 21.6298
2922046852 47.5328 21.6301
2922046853 47.5328 21.63
2922046855 47.5343 21.6283
2922046856 47.5345 21.6283
2924567309 47.5216 21.6201
2924567318 47.5218 21.62
2924567329 47.5222 21.618
2924567343 47.523 21.6181
2924567344 47.523 21.6182
2924567345 47.5231 21.618
2924567347 47.5231 21.6179
2924567349 47.5232 21.6196
2924567350 47.5232 21.6179
2924567352 47.5233 21.618
2924567353 47.5234 21.6196
2924567354 47.5234 21.6197
2924567355 47.5234 21.6196
2924567356 47.5234 21.6195
2924567357 47.5234 21.6198
2924567358 47.5234 21.6192
2924567359 47.5234 21.6182
2924567361 47.5235 21.6199
2924567362 47.5235 21.6183
2924567363 47.5235 21.6182
2924567364 47.5235 21.6187
2924567365 47.5235 21.6184
2924567366 47.5235 21.6182
2924567367 47.5235 21.6196
2924567368 47.5236 21.6196
2924567369 47.5236 21.6188
2924567370 47.5236 21.6177
2924567372 47.5236 21.6182
2924567373 47.5236 21.6199
2924567374 47.5236 21.6188
2924567375 47.5236 21.6197
2924567376 47.5237 21.6187
2924567377 47.5237 21.6183
2924567378 47.5238 21.6186
2924567379 47.5238 21.6184
2924567380 47.5238 21.6185
2924567381 47.5239 21.6187
2924567382 47.524 21.6183
2924567383 47.5241 21.619
2924567384 47.5241 21.6183
2924567385 47.5244 21.6187
2924567386 47.5251 21.6146
2924567387 47.5253 21.6145
2924567388 47.5255 21.6144
2924567389 47.5256 21.6143
2924567390 47.5256 21.6148
2924567391 47.5257 21.6143
2924567392 47.5257 21.6147
2924567393 47.5258 21.6145
2924567394 47.5258 21.6142
2924567395 47.5259 21.6145
2924567400 47.5298 21.6133
2924567402 47.533 21.6114
2930896630 47.5295 21.6192
2930896631 47.5301 21.6175
2930896632 47.5303 21.6175
2930896633 47.534 21.6138
2930896634 47.5343 21.6181
2930896635 47.5345 21.6183
2936612666 47.5235 21.6399
2941458639 47.5217 21.6247
2941458640 47.5218 21.6269
2941458641 47.5218 21.6272
2941998990 47.5236 21.6351
2941998991 47.5236 21.6353
2941998992 47.5237 21.6349
2949636208 47.5346 21.6233
2949636209 47.5347 21.6234
2969170192 47.523 21.6401
2969170193 47.5226 21.6405
2969170194 47.5226 21.6405
2969170195 47.5226 21.6406
2969170196 47.5226 21.6407
2969170197 47.5227 21.6408
2969170198 47.5227 21.6409
2969934862 47.5248 21.6187
2969934863 47.5273 21.6259
2969934864 47.5285 21.6234
2969934865 47.529 21.6257
2969934866 47.529 21.6253
2969934867 47.5291 21.6255
2969934868 47.5297 21.6299
2969934869 47.5298 21.6313
2969934873 47.5304 21.6352
3139264787 47.5355 21.6182
3180223795 47.5291 21.6249
3182287791 47.526 21.6278
3184292162 47.5324 21.6238
3184608009 47.5309 21.6405
3184608037 47.5318 21.6408
3184608325 47.532 21.6398
3186133123 47.5292 21.6249
3186133126 47.5294 21.6248
3186133136 47.53 21.6245
3186133156 47.5297 21.6246
3186133213 47.5302 21.6244
3186302100 47.5289 21.6252
3189987631 47.5235 21.6133
3189987635 47.5237 21.6192
3189987637 47.5237 21.6199
3189987638 47.5237 21.6198
3189987639 47.5237 21.6197
3189987640 47.5237 21.6201
3189987644 47.5238 21.6196
3189987650 47.5241 21.6129
3189987652 47.5242 21.6128
3189987653 47.5242 21.6132
3189987654 47.5245 21.6178
3189987656 47.5246 21.6176
3189987659 47.5247 21.6178
3189987787 47.528 21.6139
3189987788 47.528 21.614
3189987790 47.5281 21.6143
3189987794 47.5282 21.6137
3189987796 47.5282 21.614
3189987799 47.5283 21.6136
3189987800 47.5284 21.6138
3189987818 47.5306 21.6312
3218340771 47.5251 21.6327
3223389155 47.5247 21.6152
3223389157 47.5248 21.6154
3223389207 47.5252 21.6148
3223389213 47.5253 21.6172
3223389219 47.5254 21.6171
3223389220 47.5254 21.6176
3223389250 47.5257 21.615
3223389252 47.5257 21.6149
3223389253 47.5257 21.6152
3223389257 47.5258 21.6147
3223389259 47.5259 21.6147
3223389262 47.526 21.6147
3223389268 47.526 21.6161
3223389269 47.5261 21.6148
3223389270 47.5261 21.6161
3223389275 47.5262 21.6161
3223389279 47.5262 21.6151
3223389280 47.5263 21.6144
3223389281 47.5263 21.6143
3223389285 47.5263 21.6145
3223389294 47.5265 21.6156
3223389298 47.5265 21.6157
3223389299 47.5265 21.614
3223389313 47.5267 21.6161
3223389319 47.5269 21.6139
3223389323 47.5269 21.6139
3223389329 47.527 21.6141
3223389330 47.527 21.6142
3223389337 47.5272 21.6149
3240874276 47.5317 21.6235
3240874278 47.5318 21.6238
3240874279 47.5319 21.6238
3240874280 47.532 21.6238
3240874281 47.5321 21.6237
3240874282 47.5322 21.6238
3247363059 47.524 21.6362
3247363060 47.524 21.6363
3247363176 47.5242 21.6358
3247363180 47.5243 21.6352
3247363183 47.5243 21.6352
3247688159 47.5316 21.6227
3247688160 47.5318 21.6226
3247688861 47.5323 21.6224
3248420197 47.5272 21.6408
3248420198 47.5272 21.6416
3248420200 47.5276 21.639
3248420201 47.5278 21.6409
3267206625 47.5202 21.657
3272656450 47.5236 21.6199
3272656451 47.5233 21.6196
3272665911 47.5291 21.6134
3272665912 47.529 21.6131
3272665913 47.5293 21.6129
3272665914 47.5293 21.6133
3272665915 47.5281 21.6145
3272665916 47.5281 21.6147
3272665917 47.5281 21.6149
3277282780 47.5265 21.6267
3277282781 47.5262 21.6261
3277282782 47.526 21.6266
3277282783 47.5266 21.6263
3277285620 47.5286 21.6256
3277285621 47.529 21.6258
3277285622 47.5289 21.6251
3277285623 47.5345 21.6262
3277285624 47.5346 21.6256
3277285625 47.5348 21.6258
3277285626 47.5343 21.6259
3277288749 47.53 21.6118
3277288750 47.5302 21.6113
3313334679 47.5262 21.6387
3313334690 47.5306 21.6455
3342249353 47.5286 21.6253
3356506062 47.5308 21.6309
3356510556 47.5311 21.6309
3356510558 47.5306 21.6311
3359678934 47.5332 21.6249
3363571306 47.5345 21.6194
3363571307 47.5344 21.6194
3363572390 47.5346 21.6202
3363572391 47.5345 21.6203
3439494510 47.5268 21.6243
3439494511 47.5269 21.6244
3524401452 47.5249 21.6186
3524401458 47.5256 21.6176
3524401460 47.5294 21.6264
3524401461 47.5294 21.6264
3524401462 47.5302 21.6109
3524401465 47.5317 21.6265
3524401468 47.5321 21.6265
3524401469 47.5329 21.6273
3524401473 47.533 21.6269
3524401474 47.533 21.6269
3524401476 47.5331 21.6269
3524401477 47.5332 21.6269
3524401478 47.5333 21.627
3524401479 47.5334 21.6269
3524401480 47.5335 21.6266
3524401481 47.5335 21.6269
3566639137 47.5271 21.6302
3744032897 47.5307 21.6248
3784707918 47.5272 21.6204
3784745008 47.5267 21.616
3784745011 47.528 21.6145
3784796751 47.524 21.6189
3784796753 47.5243 21.6186
3784800265 47.5254 21.6175
3784800269 47.5258 21.6179
3784985229 47.5218 21.6223
3784985255 47.524 21.627
3785879449 47.5236 21.6351
3786072244 47.531 21.6399
3786072252 47.5318 21.6398
3786072256 47.5321 21.64
3786075313 47.526 21.6368
3786075318 47.5262 21.637
3786075319 47.5262 21.6374
3786075321 47.5263 21.6372
3786075328 47.5265 21.638
3786075346 47.5273 21.6378
3786075347 47.5273 21.6379
3786075352 47.5277 21.638
3786075356 47.528 21.6382
3786075757 47.5322 21.6398
3786075759 47.5323 21.6401
3786075771 47.5334 21.6395
3786075789 47.5366 21.6374
3786091659 47.5284 21.6384
3786091660 47.5288 21.6389
3786233403 47.5296 21.6158
3786233422 47.5302 21.618
3786257929 47.5299 21.6099
3786358195 47.5349 21.6124
3786358198 47.5355 21.6122
3789278957 47.526 21.6217
3789278958 47.5261 21.622
3789278963 47.5283 21.6201
3789293878 47.5274 21.6219
3789293879 47.5277 21.6217
3789293881 47.5278 21.6216
3789293889 47.5286 21.6237
3789293890 47.5286 21.6243
3789293894 47.5289 21.625
3816379669 47.5251 21.6228
3816379670 47.5225 21.6235
3816379671 47.5229 21.6233
3816379672 47.5226 21.6237
3816380467 47.5229 21.6235
3816384783 47.5242 21.6235
3816384784 47.5242 21.6235
3816384786 47.5228 21.6243
3816384788 47.525 21.6225
3816384790 47.5238 21.6231
3816384791 47.5227 21.624
3816389919 47.5277 21.6208
3816389924 47.525 21.6229
3825321640 47.5286 21.6141
3825321641 47.5296 21.61
3825321642 47.531 21.6147
3854144916 47.5394 21.6254
3854144917 47.5394 21.6252
3890184804 47.5228 21.6241
3890184805 47.525 21.6227
3890184806 47.5251 21.6226
3890184808 47.5252 21.6146
3890184817 47.526 21.6219
3915033503 47.5296 21.625
3915033504 47.5297 21.6252
3915033505 47.5302 21.6248
3915033506 47.5302 21.625
3915033507 47.5302 21.6252
3915058318 47.5408 21.6078
4171676658 47.5234 21.6159
4214708649 47.5226 21.6406
4214708650 47.5226 21.6407
4214708651 47.5226 21.6405
4214708652 47.5226 21.6406
4214708653 47.5226 21.6406
4214708654 47.5226 21.6405
4214708655 47.5226 21.6405
4214708656 47.5226 21.6405
4214708657 47.5227 21.6404
4214708658 47.5226 21.6407
4233986182 47.5327 21.6283
4269743221 47.5294 21.6279
4269743222 47.5295 21.6286
4269743223 47.5296 21.628
4269743224 47.5296 21.6283
4269743225 47.5296 21.6278
4269743226 47.5297 21.6278
4269743227 47.5298 21.6284
4429090206 47.5338 21.6319
4429090221 47.5345 21.6337
4429090245 47.5352 21.6284
4429090251 47.5361 21.6366
4429278060 47.531 21.6238
4429278073 47.5314 21.6277
4429278200 47.5322 21.6267
4429278201 47.5322 21.6272
4429278203 47.5323 21.6273
4429278205 47.5323 21.6271
4429278208 47.5324 21.6266
4429278211 47.5324 21.625
4429278215 47.5325 21.6277
4429278220 47.5325 21.6265
4429278226 47.5326 21.6265
4429278230 47.5327 21.626
4429278231 47.5327 21.6261
4429278233 47.5327 21.626
4429992272 47.5251 21.6323
4429992273 47.5252 21.6321
4429992274 47.5253 21.6319
4429992277 47.5254 21.6322
4429992278 47.5255 21.6311
4429992279 47.5257 21.6322
4429992280 47.5257 21.6322
4429992281 47.5257 21.6324
4429992284 47.5261 21.6321
4429993207 47.527 21.629
4429993212 47.5273 21.6324
4429993216 47.5275 21.6262
4429993217 47.5277 21.6262
4429993220 47.5282 21.626
4429993222 47.5283 21.6255
4429993223 47.5285 21.6254
4430523078 47.5265 21.6274
4430523080 47.5265 21.6278
4430523081 47.5265 21.6279
4430523191 47.5271 21.6366
4430523198 47.5272 21.637
4430523203 47.5273 21.6379
4430523204 47.5273 21.6369
4430523206 47.5273 21.6339
4430523208 47.5274 21.6368
4430523213 47.5274 21.6353
4430523214 47.5274 21.6367
4430523217 47.5275 21.6353
4430523218 47.5275 21.6335
4430523219 47.5275 21.6366
4430523224 47.5276 21.6364
4430594136 47.5234 21.6267
4430594140 47.5245 21.6266
4430613235 47.5265 21.6181
4430613236 47.5266 21.6185
4430613239 47.5289 21.6208
4430613240 47.529 21.6211
4430613241 47.529 21.6212
4430613242 47.5292 21.6232
4430613244 47.531 21.621
4430613245 47.5324 21.6206
4433296067 47.5342 21.6185
4433296069 47.5343 21.6189
4433296074 47.5344 21.6208
4433296080 47.5345 21.6208
